<DATE>	<OPEN>	<HIGH>	<LOW>	<CLOSE>	<TICKVOL>	<VOL>	<SPREAD>
2021.01.17	13410.60	13421.70	13316.85	13369.70	188169	0	0
2021.01.24	13453.65	13615.05	12845.35	12883.85	1586980	0	0
2021.01.31	12842.45	13648.35	12829.70	13615.10	1109782	0	0
2021.02.07	13666.45	13829.75	13528.10	13829.25	861203	0	0
2021.02.14	13867.85	13910.35	13475.30	13579.50	899617	0	0
2021.02.21	13612.00	13634.50	12670.10	12905.80	1912292	0	0
2021.02.28	13056.65	13329.50	12212.95	12656.95	1862750	0	0
2021.03.07	12658.55	13123.60	12288.45	12942.00	1654549	0	0
2021.03.14	12967.00	13304.60	12698.05	12846.20	2852189	0	0
2021.03.21	12879.15	13188.20	12625.40	12978.75	3059859	0	0
2021.03.28	12962.15	13408.10	12793.50	13368.25	511046	0	0
2021.04.04	13338.25	13855.95	13329.00	13828.20	389647	0	0
2021.04.11	13818.55	14075.85	13749.20	14042.70	425220	0	0
2021.04.18	14010.30	14069.40	13717.25	13921.20	475749	0	0
2021.04.25	13936.05	14079.95	13834.85	13886.60	415486	0	0
2021.05.02	13896.60	13962.10	13395.20	13731.45	477739	0	0
2021.05.09	13747.45	13762.20	12924.65	13409.45	622110	0	0
2021.05.16	13418.45	13575.80	12961.20	13419.80	511797	0	0
2021.05.23	13378.55	13768.85	13368.55	13694.60	378715	0	0
2021.05.30	13718.35	13787.05	13465.95	13765.80	332035	0	0
2021.06.06	13777.80	14001.55	13694.65	13995.05	358221	0	0
2021.06.13	14021.90	14222.40	13848.25	14035.25	378722	0	0
2021.06.20	14059.25	14439.40	13976.25	14347.75	373630	0	0
2021.06.27	14380.35	14745.00	14350.35	14717.00	333194	0	0
2021.07.04	14731.65	14898.90	14556.50	14828.05	396463	0	0
2021.07.11	14847.50	15010.25	14670.50	14682.25	429668	0	0
2021.07.18	14672.85	15131.90	14457.85	15102.40	463768	0	0
2021.07.25	15124.05	15148.80	14786.85	14974.15	482334	0	0
2021.08.01	15017.20	15182.15	14863.30	15101.55	383750	0	0
2021.08.08	15067.35	15169.60	14952.90	15133.15	315339	0	0
2021.08.15	15129.90	15149.00	14717.55	15101.55	476492	0	0
2021.08.22	15122.90	15451.60	15109.90	15430.10	336384	0	0
2021.08.29	15448.25	15708.45	15429.00	15662.30	338847	0	0
2021.09.05	15671.30	15720.20	15447.35	15464.85	334866	0	0
2021.09.12	15495.60	15578.35	15297.70	15308.45	410937	0	0
2021.09.19	15317.73	15366.25	14829.30	15337.10	522853	0	0
2021.09.26	15344.75	15419.00	14556.35	14786.60	577886	0	0
2021.10.03	14790.25	15015.20	14383.75	14823.12	587534	0	60
2021.10.10	14831.75	15158.60	14601.00	15154.35	476387	0	25
2021.10.17	15170.70	15497.50	15055.70	15336.05	402214	0	20
2021.10.24	15329.45	15876.00	15310.45	15869.95	454133	0	20
2021.10.31	15892.55	16460.60	15784.80	16355.25	427522	0	60
2021.11.07	16320.60	16404.55	15908.05	16208.40	425715	0	60
2021.11.14	16224.30	16637.00	16091.80	16597.15	361273	0	60
2021.11.21	16622.90	16780.70	16002.10	16050.70	418145	0	60
2021.11.28	16106.50	16469.40	15550.20	15698.45	610958	0	0
2021.12.05	15727.45	16446.40	15572.70	16337.35	474116	0	25
2021.12.12	16367.70	16473.50	15668.80	15842.30	513981	0	0
2021.12.19	15852.87	16369.30	15509.35	16315.70	384502	0	60
2021.12.26	16349.15	16671.15	16319.40	16343.40	361070	0	60
2022.01.02	16399.95	16574.80	15521.75	15585.75	521120	0	60
2022.01.09	15577.30	16022.95	15164.15	15628.50	589903	0	60
2022.01.16	15626.35	15650.45	14423.05	14439.65	609911	0	60
2022.01.23	14455.37	14652.70	13721.07	14438.55	658595	0	60
2022.01.30	14425.05	15273.80	14366.05	14657.10	468580	0	60
2022.02.06	14661.20	15080.30	14193.60	14277.10	530688	0	60
2022.02.13	14229.00	14675.05	13911.60	14006.00	490730	0	50
2022.02.20	13870.70	14201.00	13031.20	14192.50	688478	0	0
2022.02.27	13765.55	14394.00	13737.30	13807.45	635208	0	60
2022.03.06	13661.75	13881.25	13106.40	13323.00	446550	0	60
2022.03.13	13392.75	14444.35	12949.85	14436.35	400020	0	50
2022.03.20	14414.30	14843.60	14190.50	14755.95	467072	0	50
2022.03.27	14777.80	15273.95	14664.60	14841.45	522152	0	50
2022.04.03	14851.40	15199.75	14314.55	14337.45	518605	0	25
2022.04.10	14363.60	14373.35	13880.65	13896.80	449649	0	60
2022.04.17	13831.25	14303.55	13303.35	13331.35	568334	0	60
2022.04.24	13307.55	13590.50	12809.15	12892.55	701044	0	60
2022.05.01	12923.00	13561.40	12522.85	12668.35	632194	0	60
2022.05.08	12596.00	12641.00	11693.75	12373.40	700420	0	0
2022.05.15	12467.55	12593.20	11490.55	11835.30	632937	0	0
2022.05.22	11913.95	12718.05	11576.10	12710.35	602110	0	60
2022.05.29	12690.90	12944.95	12441.35	12557.80	512125	0	60
2022.06.05	12581.10	12811.50	11821.95	11865.95	534256	0	25
2022.06.12	11713.30	11767.10	11042.00	11279.05	648580	0	0
2022.06.19	11332.45	12117.70	11250.95	12082.70	496857	0	60
2022.06.26	12113.45	12236.00	11327.50	11589.85	559733	0	60
2022.07.03	11571.90	12186.70	11363.80	12134.75	482460	0	60
2022.07.10	12103.50	12106.40	11459.13	11990.83	547423	0	60
2022.07.17	12025.08	12671.81	11835.81	12349.16	496728	0	33
2022.07.24	12388.01	12988.34	12053.74	12953.34	478263	0	68
2022.07.31	12921.89	13363.97	12798.74	13196.77	486341	0	30
2022.08.07	13177.42	13560.60	12943.40	13557.20	526574	0	30
2022.08.14	13534.50	13722.30	13211.20	13231.50	506210	0	60
2022.08.21	13172.60	13205.40	12567.90	12570.80	531472	0	60
2022.08.28	12480.30	12646.30	12009.50	12125.30	631568	0	60
2022.09.04	12082.70	12609.10	11917.60	12586.80	530747	0	60
2022.09.11	12669.70	12880.05	11705.80	11864.40	573855	0	60
2022.09.18	11855.60	12067.80	11166.40	11329.30	602912	0	60
2022.09.25	11253.50	11547.00	10966.70	10991.60	730719	0	60
2022.10.02	10937.80	11667.70	10833.90	11044.50	651674	0	60
2022.10.09	10977.50	11200.20	10431.80	10701.00	1068439	0	60
2022.10.16	10726.80	11378.30	10715.60	11330.60	1055617	0	60
2022.10.23	11455.90	11685.70	10884.00	11577.10	1088540	0	60
2022.10.30	11525.20	11578.10	10609.20	10840.10	947752	0	60
2022.11.06	10775.50	11841.30	10749.20	11803.30	988866	0	60
2022.11.13	11764.60	12083.30	11490.20	11678.00	950517	0	60
2022.11.20	11700.80	11908.90	11495.20	11763.20	642764	0	60
2022.11.27	11701.40	12116.60	11443.00	11963.70	877964	0	60
2022.12.04	11983.80	11993.20	11409.00	11552.70	850555	0	60
2022.12.11	11547.30	12203.80	11169.50	11210.80	854012	0	60
2022.12.18	11234.10	11304.00	10779.50	10977.30	858039	0	60
2022.12.25	11034.20	11090.50	10668.40	10953.80	603688	0	60
2023.01.01	11008.50	11096.90	10673.40	11026.40	708350	0	60
2023.01.08	11073.50	11549.70	11016.80	11535.70	798556	0	60
2023.01.15	11527.80	11690.90	11246.90	11607.50	676994	0	60
2023.01.22	11608.20	12250.60	11547.20	12165.60	741535	0	60
2023.01.29	12152.30	12894.30	11815.90	12567.50	872459	0	60
2023.02.05	12510.30	12774.90	12201.50	12295.50	863538	0	60
2023.02.12	12276.20	12746.40	12222.00	12351.30	821289	0	60
2023.02.19	12321.50	12381.10	11894.70	11976.30	704472	0	60
2023.02.26	11976.10	12305.20	11807.60	12304.60	807612	0	60
2023.03.05	12268.20	12466.90	11788.90	11846.10	869260	0	60
2023.03.12	11872.90	12672.60	11681.80	12519.10	1042896	0	60
2023.03.19	12571.00	12947.80	12397.00	12792.50	884132	0	60
2023.03.26	12795.10	13188.00	12516.20	13183.90	708795	0	60
2023.04.02	13126.30	13225.70	12842.80	13076.90	590141	0	60
2023.04.09	13060.30	13152.00	12819.70	13104.60	695896	0	60
2023.04.16	13099.60	13197.60	12893.20	12989.00	690932	0	60
2023.04.23	12975.70	13258.60	12720.00	13250.30	726610	0	60
2023.04.30	13233.30	13291.80	12936.50	13243.70	704565	0	60
2023.05.07	13256.60	13433.70	13138.90	13314.10	655106	0	60
2023.05.14	13309.80	13906.70	13291.70	13787.60	660018	0	60
2023.05.21	13774.00	14328.60	13519.30	14324.80	742123	0	60
2023.05.28	14387.70	14593.90	14207.50	14551.80	674883	0	60
2023.06.04	14539.80	14670.80	14231.90	14549.00	729229	0	60
2023.06.11	14542.60	15282.70	14542.60	15113.00	731296	0	60
2023.06.18	15130.50	15136.00	14787.30	14888.70	654436	0	60
2023.06.25	14895.70	15218.00	14686.90	15155.50	727711	0	60
2023.07.02	15195.80	15279.60	14970.30	15044.20	527971	0	60
2023.07.09	15035.10	15721.60	14920.00	15557.10	684137	0	60
2023.07.16	15549.70	15932.50	15406.70	15438.00	691810	0	60
2023.07.23	15452.20	15795.00	15374.90	15736.70	749664	0	60
2023.07.30	15751.30	15811.70	15247.20	15286.20	799906	0	60
2023.08.06	15304.90	15415.60	14967.90	15037.10	795978	0	60
2023.08.13	15063.50	15267.40	14553.10	14691.10	836893	0	60
2023.08.20	14725.50	15367.30	14667.30	14930.30	794944	0	60
2023.08.27	14977.60	15627.80	14935.60	15484.10	690089	0	60
2023.09.03	15488.00	15559.30	15134.20	15304.40	623953	0	60
2023.09.10	15290.40	15519.60	15170.20	15202.70	726776	0	60
2023.09.17	15214.60	15270.70	14668.20	14707.60	729305	0	60
2023.09.24	14731.70	14905.30	14430.10	14747.60	835671	0	60
2023.10.01	14806.30	15021.60	14440.60	14994.20	899841	0	60
2023.10.08	14877.60	15338.00	14815.30	14987.00	1025984	0	60
2023.10.15	15035.20	15211.90	14545.30	14555.40	924790	0	60
2023.10.22	14587.20	14849.60	14054.00	14188.10	978214	0	60
2023.10.29	14240.40	15149.90	14222.20	15108.00	863091	0	60
2023.11.05	15116.30	15542.80	15061.10	15518.60	766499	0	60
2023.11.12	15510.80	15976.00	15401.10	15813.90	782062	0	60
2023.11.19	15822.20	16123.50	15779.90	15968.30	590092	0	60
2023.11.26	15950.90	16167.20	15823.30	16000.80	720748	0	60
2023.12.03	15970.90	16102.60	15691.70	16075.00	771080	0	60
2023.12.10	16073.30	16678.60	16030.30	16602.90	772648	0	60
2023.12.17	16611.10	16862.90	16545.70	16761.70	747699	0	60
2023.12.24	16796.70	16973.70	16753.00	16823.20	480116	0	60
2023.12.31	16828.50	16850.90	16175.80	16303.50	630835	0	60
2024.01.07	16328.50	16901.10	16221.50	16813.10	843914	0	0
2024.01.14	16800.10	17339.50	16558.50	17334.90	836947	0	0
2024.01.21	17366.60	17668.00	17284.50	17388.10	895541	0	20
2024.01.28	17359.50	17682.50	17116.70	17606.90	854853	0	0
2024.02.04	17615.60	17989.20	17464.30	17954.50	782853	0	60
2024.02.11	17929.20	18041.90	17476.50	17657.80	788873	0	60
2024.02.18	17692.00	18095.20	17314.50	17919.00	778280	0	0
2024.02.25	17918.60	18335.00	17789.70	18280.10	787981	0	60
2024.03.03	18309.20	18417.20	17803.50	18039.40	881658	0	60
2024.03.10	17983.30	18245.60	17760.90	17816.90	841440	0	60
2024.03.17	17829.40	18467.30	17809.20	18326.60	815536	0	60
2024.03.24	18337.40	18387.10	18156.40	18237.20	587656	0	60
2024.03.31	18340.40	18392.10	17862.80	18105.60	803642	0	60
2024.04.07	18131.40	18341.35	17862.05	18008.75	867199	0	60
2024.04.14	18016.45	18176.75	16969.65	17030.85	1041811	0	70
2024.04.21	17085.15	17771.85	17006.05	17710.15	932205	0	70
2024.04.28	17728.85	17936.55	17282.15	17908.75	850851	0	70
2024.05.05	17935.65	18251.25	17875.65	18146.15	695754	0	70
2024.05.12	18147.95	18671.75	18073.65	18542.55	736045	0	70
2024.05.19	18559.55	18948.55	18548.85	18799.45	708789	0	70
2024.05.26	18808.65	18910.25	18187.25	18522.15	739864	0	70
2024.06.02	18500.35	19116.05	18387.55	18987.95	839480	0	70
2024.06.09	19003.55	19677.79	18937.85	19667.39	646042	0	70
2024.06.16	19661.85	20086.35	19623.65	19736.45	445754	0	70
2024.06.23	19734.35	20026.05	19459.15	19726.15	728087	0	70
2024.06.30	19722.15	20405.25	19569.65	20366.05	685505	0	0
2024.07.07	20372.55	20758.75	20128.85	20330.15	785408	0	30
2024.07.14	20329.65	20591.45	19475.55	19522.95	986824	0	70
2024.07.21	19581.55	19911.15	18724.05	19027.45	1112590	0	70
2024.07.28	19052.35	19575.25	18263.05	18398.65	1185828	0	80
2024.08.04	18187.85	18572.95	17237.95	18497.05	1155198	0	90
2024.08.11	18545.35	19584.05	18413.35	19519.25	911370	0	70
2024.08.18	19566.05	19936.75	19435.65	19701.25	873245	0	70
2024.08.25	19728.55	19770.05	19078.55	19545.05	946922	0	70
2024.09.01	19569.45	19634.65	18325.75	18336.45	963340	0	70
2024.09.08	18397.25	19556.95	18354.15	19488.65	1030080	0	70
2024.09.15	19499.45	19955.25	19285.65	19779.55	943194	0	70
2024.09.22	19772.45	20313.95	19718.45	19982.35	905331	0	70
2024.09.29	19964.85	20118.05	19611.05	20000.05	1003550	0	50
2024.10.06	20041.55	20320.15	19714.35	20236.45	940604	0	70
2024.10.13	20239.65	20500.45	20032.25	20322.15	847467	0	70
2024.10.20	20339.15	20565.25	19928.05	20333.55	861962	0	70
2024.10.27	20447.45	20649.15	19876.75	20041.45	985536	0	0
2024.11.03	19979.75	21154.15	19894.85	21118.46	982643	0	0
2024.11.10	21161.25	21231.35	20308.45	20402.44	953121	0	80
2024.11.17	20426.15	20816.35	20289.75	20796.54	1012087	0	80
2024.11.24	20862.85	21002.15	20609.05	20926.65	751362	0	80
2024.12.01	20929.25	21625.55	20880.85	21589.74	775072	0	80
2024.12.08	21597.35	21884.95	21314.45	21736.84	784454	0	80
2024.12.15	21747.95	22131.95	20722.05	21253.44	1062164	0	80
2024.12.22	21380.05	21860.05	21204.95	21486.74	692174	0	80
2024.12.29	21515.15	21515.15	20773.25	21286.54	823301	0	80
2025.01.05	21333.25	21703.45	20706.15	20828.04	964517	0	80
2025.01.12	20806.55	21529.45	20527.65	21431.74	1047889	0	80
2025.01.19	21433.25	21944.85	21229.40	21763.94	867531	0	80
2025.01.26	21546.05	21846.55	20630.95	21449.34	1163876	0	80
2025.02.02	20895.85	21869.55	20864.25	21487.44	1080708	0	80
2025.02.09	21430.95	22135.25	21418.75	22117.64	898384	0	90
2025.02.16	22131.95	22237.35	21594.15	21602.24	781331	0	90
2025.02.23	21649.85	21746.65	20408.20	20849.10	1192858	0	90
2025.03.02	20943.10	21074.60	19726.80	20168.90	1349552	0	130
2025.03.09	20062.25	20118.75	19111.35	19638.69	1321902	0	90
2025.03.16	19636.25	19937.75	19383.85	19761.09	1135851	0	0
2025.03.23	19876.35	20337.95	19194.09	19197.69	1014208	0	80
2025.03.30	19116.25	19867.09	17241.19	17351.19	1411962	0	110
2025.04.06	16556.35	19234.89	16322.45	18697.46	1617989	0	120
2025.04.13	18929.85	19117.65	17987.05	18309.76	1090811	0	120
2025.04.20	18191.25	19479.76	17585.45	19443.46	1244648	0	80
2025.04.27	19374.95	20176.75	19002.39	20082.76	1178125	0	80
2025.05.04	20065.75	20248.95	19596.05	20053.26	1166499	0	80
2025.05.11	20351.15	21445.95	20303.45	21376.46	1078200	0	80
2025.05.18	21261.45	21484.95	20668.15	20885.56	1121814	0	80
2025.05.25	20937.35	21806.05	20936.35	21308.26	972567	0	80
2025.06.01	21279.75	21889.95	21120.65	21773.86	1016060	0	80
2025.06.08	21772.15	22067.85	21451.85	21635.66	1045923	0	80
2025.06.15	21585.65	21981.85	21421.45	21654.36	968807	0	80
2025.06.22	21482.56	22602.85	21461.16	22512.76	898273	0	80
2025.06.29	22556.26	22900.95	22373.15	22707.75	708023	0	80
2025.07.06	22789.86	22916.85	22584.35	22756.56	820752	0	80
2025.07.13	22664.56	23150.95	22626.55	23051.66	800978	0	80
2025.07.20	23052.96	23330.75	22953.95	23294.96	726685	0	80
2025.07.27	23389.96	23708.85	22660.35	22753.96	879325	0	80
2025.08.03	22753.36	23660.16	22705.46	23646.06	915361	0	80
2025.08.10	23625.86	23967.65	23484.35	23702.96	924419	0	80
2025.08.17	23736.66	23793.95	22954.65	23506.36	1115456	0	80
2025.08.24	23502.36	23740.55	23304.65	23405.56	961370	0	80
2025.08.31	23443.86	23863.25	22980.25	23633.76	921042	0	80
2025.09.07	23623.36	24137.95	23616.66	24091.86	783973	0	80
2025.09.14	24084.76	24642.95	23993.35	24616.46	813925	0	80
2025.09.21	24598.96	24783.45	24183.95	24503.96	868162	0	80
2025.09.28	24501.76	24985.85	24412.35	24771.96	867246	0	60
2025.10.05	24815.26	25199.75	24197.55	24233.36	884031	0	60
2025.10.12	24509.46	25006.15	24241.95	24861.46	1322483	0	60
2025.10.19	24894.66	25419.45	24643.85	25361.86	979307	0	60
2025.10.26	25590.66	26258.55	25553.56	25845.06	1025689	0	60
2025.11.02	25912.66	26130.75	24599.75	25111.66	1307803	0	60
2025.11.09	25231.86	25725.45	24530.45	25048.96	1502778	0	60
2025.11.16	24942.96	25273.75	23829.05	24261.26	1913592	0	100
2025.11.23	24416.16	25443.35	24292.35	25424.15	1076054	0	60
2025.11.30	25423.06	25825.95	25143.05	25697.86	1274339	0	60
2025.12.07	25701.86	25835.95	25101.55	25192.56	1344279	0	60
2025.12.14	25165.26	25393.95	24652.55	25352.86	1608357	0	120
2025.12.21	25416.56	25713.20	25374.95	25635.26	604102	0	120
2025.12.28	25655.86	25678.85	25074.80	25202.86	819951	0	120
2026.01.04	25259.36	25815.10	25224.26	25755.06	1213100	0	120
2026.01.11	25721.06	25878.95	25262.43	25530.15	1210633	0	145
2026.01.18	25274.86	25710.13	24881.25	25556.75	1604936	0	145
2026.01.25	25328.76	26219.45	25324.16	25517.96	1693940	0	120
2026.02.01	25383.46	25915.25	24143.85	25006.26	2112047	0	124
2026.02.08	25155.46	25380.53	24504.73	24709.86	1833564	0	145
2026.02.15	24707.06	25078.03	24380.83	25014.05	1575349	0	145
2026.02.22	24993.66	25442.46	24610.43	24906.76	1688371	0	145
2026.03.01	24707.56	25207.55	24314.73	24642.46	2397892	0	145
2026.03.08	24245.46	25189.98	23976.55	24339.76	2201740	0	145
2026.03.15	24348.16	24981.75	23759.83	23993.86	1936526	0	145
2026.03.22	23759.06	24550.55	23045.66	23075.16	2187229	0	145
2026.03.29	22991.66	24166.23	22780.75	23553.95	1519972	0	145
