<DATE>	<OPEN>	<HIGH>	<LOW>	<CLOSE>	<TICKVOL>	<VOL>	<SPREAD>
2021.01.21	13410.60	13421.70	13407.60	13413.70	3686	0	0
2021.01.22	13389.55	13412.60	13316.85	13369.70	184483	0	0
2021.01.25	13453.65	13571.05	13206.40	13479.70	242348	0	0
2021.01.26	13462.30	13615.05	13397.05	13567.55	218659	0	0
2021.01.27	13571.50	13588.25	12897.10	13074.95	337943	0	0
2021.01.28	13028.55	13407.80	12921.05	13167.05	357665	0	0
2021.01.29	13138.10	13178.85	12845.35	12883.85	430365	0	0
2021.02.01	12842.45	13285.75	12829.70	13251.10	294171	0	0
2021.02.02	13270.35	13524.75	13269.60	13515.10	226700	0	0
2021.02.03	13544.25	13600.25	13404.00	13430.50	222357	0	0
2021.02.04	13430.95	13582.70	13359.95	13573.45	190320	0	0
2021.02.05	13552.25	13648.35	13529.60	13615.10	176234	0	0
2021.02.08	13666.45	13702.00	13606.95	13696.85	170665	0	0
2021.02.09	13680.20	13744.45	13643.45	13707.70	142153	0	0
2021.02.10	13697.25	13781.15	13528.10	13671.25	216681	0	0
2021.02.11	13627.25	13753.50	13625.25	13719.75	186900	0	0
2021.02.12	13733.00	13829.75	13656.00	13829.25	144804	0	0
2021.02.15	13867.85	13888.35	13842.35	13881.85	33183	0	0
2021.02.16	13888.35	13910.35	13726.35	13767.35	182812	0	0
2021.02.17	13724.00	13791.50	13550.15	13705.30	224375	0	0
2021.02.18	13720.80	13723.80	13475.30	13640.30	232950	0	0
2021.02.19	13628.30	13734.55	13541.25	13579.50	226297	0	0
2021.02.22	13612.00	13634.50	13221.60	13225.35	280198	0	0
2021.02.23	13213.70	13341.70	12764.65	13160.15	374206	0	0
2021.02.24	13173.70	13338.95	12965.55	13326.35	356120	0	0
2021.02.25	13321.20	13360.20	12770.85	12789.70	410486	0	0
2021.02.26	12779.85	13095.95	12670.10	12905.80	491282	0	0
2021.03.01	13056.65	13324.65	13034.90	13323.40	278120	0	0
2021.03.02	13327.00	13329.50	13055.75	13065.25	318444	0	0
2021.03.03	13122.80	13197.55	12670.05	12680.05	340210	0	0
2021.03.04	12648.50	12801.10	12310.65	12440.75	467559	0	0
2021.03.05	12340.45	12701.70	12212.95	12656.95	458417	0	0
2021.03.08	12658.55	12720.55	12288.45	12344.55	415611	0	0
2021.03.09	12370.10	12872.10	12331.35	12795.60	317756	0	0
2021.03.10	12789.10	12997.85	12709.10	12789.10	350615	0	0
2021.03.11	12738.85	13123.60	12734.10	13050.10	272120	0	0
2021.03.12	13091.15	13101.40	12775.40	12942.00	298447	0	0
2021.03.15	12967.00	13105.75	12879.75	13088.85	232724	0	0
2021.03.16	13070.20	13304.60	13063.05	13170.20	241189	0	0
2021.03.17	13165.70	13288.45	12951.70	13188.70	829935	0	0
2021.03.18	13240.45	13283.95	12778.50	12809.35	805088	0	0
2021.03.19	12798.95	12915.05	12698.05	12846.20	743253	0	0
2021.03.22	12879.15	13173.60	12836.90	13080.95	452717	0	0
2021.03.23	13100.45	13188.20	12995.30	13047.55	584435	0	0
2021.03.24	13046.15	13159.95	12799.80	12808.80	621631	0	0
2021.03.25	12821.15	12875.15	12625.40	12805.90	808256	0	0
2021.03.26	12817.25	13005.25	12692.85	12978.75	592820	0	0
2021.03.29	12962.15	13018.60	12824.00	12980.00	211700	0	0
2021.03.30	12990.60	12998.10	12793.50	12902.10	108146	0	0
2021.03.31	12888.40	13174.15	12876.90	13102.90	90051	0	0
2021.04.01	13123.90	13350.40	13113.40	13344.65	83802	0	0
2021.04.02	13349.75	13408.10	13348.25	13368.25	17347	0	0
2021.04.05	13338.25	13632.00	13329.00	13618.50	64747	0	0
2021.04.06	13630.05	13669.05	13541.05	13597.05	86262	0	0
2021.04.07	13606.05	13656.45	13529.30	13635.55	81673	0	0
2021.04.08	13640.55	13805.05	13631.05	13800.30	75133	0	0
2021.04.09	13800.45	13855.95	13664.20	13828.20	81832	0	0
2021.04.12	13818.55	13845.80	13749.20	13840.80	87867	0	0
2021.04.13	13831.80	14011.40	13790.20	13994.45	82591	0	0
2021.04.14	13991.00	14046.15	13789.00	13838.00	89414	0	0
2021.04.15	13839.00	14050.50	13805.25	14010.00	84355	0	0
2021.04.16	14022.10	14075.85	13971.35	14042.70	80993	0	0
2021.04.19	14010.30	14069.40	13837.95	13909.45	97733	0	0
2021.04.20	13924.25	13949.75	13735.90	13749.50	104952	0	0
2021.04.21	13766.75	13942.00	13717.25	13907.25	92612	0	0
2021.04.22	13905.00	13959.05	13717.45	13777.55	101047	0	0
2021.04.23	13781.95	13992.03	13753.95	13921.20	79405	0	0
2021.04.26	13936.05	14052.15	13881.55	14034.65	77416	0	0
2021.04.27	14033.65	14064.65	13928.50	13966.40	73061	0	0
2021.04.28	13982.75	14008.25	13894.00	13991.50	80972	0	0
2021.04.29	13976.95	14079.95	13834.85	13958.95	88277	0	0
2021.04.30	13946.70	13971.45	13834.85	13886.60	95760	0	0
2021.05.03	13896.60	13962.10	13786.20	13798.85	81360	0	0
2021.05.04	13799.35	13801.10	13395.20	13531.85	101244	0	0
2021.05.05	13535.45	13678.80	13476.85	13497.20	90917	0	0
2021.05.06	13484.95	13623.45	13400.70	13619.20	109958	0	0
2021.05.07	13617.65	13826.15	13597.65	13731.45	94260	0	0
2021.05.10	13747.45	13762.20	13315.70	13316.95	97703	0	0
2021.05.11	13345.40	13385.15	13075.50	13321.40	137071	0	0
2021.05.12	13336.75	13361.00	12970.25	12976.15	145098	0	0
2021.05.13	13017.65	13232.65	12924.65	13097.40	138822	0	0
2021.05.14	13102.70	13434.45	13079.20	13409.45	103416	0	0
2021.05.17	13418.45	13430.95	13192.60	13325.15	111391	0	0
2021.05.18	13302.55	13441.30	13186.95	13195.95	86868	0	0
2021.05.19	13210.10	13248.90	12961.20	13220.15	128362	0	0
2021.05.20	13189.25	13528.75	13158.40	13501.50	94685	0	0
2021.05.21	13504.60	13575.80	13402.65	13419.80	90491	0	0
2021.05.24	13378.55	13692.30	13368.55	13657.30	76900	0	0
2021.05.25	13673.80	13744.80	13613.40	13669.05	86197	0	0
2021.05.26	13703.10	13734.60	13662.60	13711.60	71733	0	0
2021.05.27	13708.60	13725.85	13625.60	13696.85	79725	0	0
2021.05.28	13697.60	13768.85	13668.10	13694.60	64160	0	0
2021.05.31	13718.35	13724.85	13657.75	13659.10	28272	0	0
2021.06.01	13687.85	13777.85	13598.25	13651.10	71717	0	0
2021.06.02	13629.70	13717.20	13608.20	13678.45	72601	0	0
2021.06.03	13682.70	13710.20	13465.95	13531.20	84614	0	0
2021.06.04	13527.30	13787.05	13471.30	13765.80	74831	0	0
2021.06.07	13777.80	13826.05	13694.65	13824.30	74282	0	0
2021.06.08	13817.55	13919.60	13745.70	13812.60	79062	0	0
2021.06.09	13827.25	13908.90	13812.25	13817.20	68345	0	0
2021.06.10	13823.05	13981.05	13732.05	13979.30	75045	0	0
2021.06.11	13973.55	14001.55	13939.20	13995.05	61487	0	0
2021.06.14	14021.90	14143.40	13975.15	14127.40	53750	0	0
2021.06.15	14127.25	14172.25	14018.25	14055.75	62232	0	0
2021.06.16	14050.75	14112.65	13848.25	13955.00	70974	0	0
2021.06.17	13931.25	14216.50	13860.50	14192.50	96544	0	0
2021.06.18	14206.75	14222.40	14028.85	14035.25	95222	0	0
2021.06.21	14059.25	14161.25	13976.25	14155.50	101489	0	0
2021.06.22	14148.65	14295.90	14084.15	14288.90	76958	0	0
2021.06.23	14286.15	14332.90	14249.30	14290.15	67655	0	0
2021.06.24	14296.65	14439.40	14290.40	14374.65	63174	0	0
2021.06.25	14382.00	14410.90	14330.15	14347.75	64354	0	0
2021.06.28	14380.35	14537.50	14350.35	14517.00	64274	0	0
2021.06.29	14510.10	14602.35	14487.60	14600.10	63492	0	0
2021.06.30	14595.85	14615.60	14536.80	14573.10	67102	0	0
2021.07.01	14577.35	14622.45	14489.00	14560.85	71802	0	0
2021.07.02	14554.00	14745.00	14529.75	14717.00	66524	0	0
2021.07.05	14731.65	14737.50	14691.40	14709.00	27044	0	0
2021.07.06	14722.30	14804.55	14640.55	14775.80	79016	0	0
2021.07.07	14780.30	14898.90	14741.40	14824.55	84412	0	0
2021.07.08	14827.05	14836.55	14556.50	14728.25	116293	0	0
2021.07.09	14713.55	14846.70	14656.30	14828.05	89698	0	0
2021.07.12	14847.50	14902.00	14800.00	14888.25	73303	0	0
2021.07.13	14886.50	15010.25	14811.00	14874.75	75892	0	0
2021.07.14	14884.30	15009.55	14855.80	14910.55	87407	0	0
2021.07.15	14913.55	14976.05	14723.40	14785.15	97510	0	0
2021.07.16	14788.75	14882.50	14670.50	14682.25	95556	0	0
2021.07.19	14672.85	14678.60	14457.85	14602.35	127869	0	0
2021.07.20	14603.65	14795.65	14529.40	14733.15	104484	0	0
2021.07.21	14749.40	14850.15	14681.90	14847.65	88418	0	0
2021.07.22	14849.15	14993.90	14844.15	14987.15	74900	0	0
2021.07.23	14990.65	15131.90	14948.50	15102.40	68097	0	0
2021.07.26	15124.05	15148.80	15053.90	15131.30	81183	0	0
2021.07.27	15136.15	15146.35	14786.85	14902.60	103408	0	0
2021.07.28	14930.60	15086.45	14906.35	14995.10	111612	0	0
2021.07.29	14999.80	15096.55	14926.30	14934.05	84057	0	0
2021.07.30	14933.90	14990.65	14823.90	14974.15	102074	0	0
2021.08.02	15017.20	15067.95	14946.45	14970.45	86939	0	0
2021.08.03	14981.20	15063.20	14863.30	15048.10	88394	0	0
2021.08.04	15053.85	15123.60	15012.85	15096.10	77963	0	0
2021.08.05	15101.85	15181.45	15084.10	15175.60	64231	0	0
2021.08.06	15175.90	15182.15	15062.65	15101.55	66223	0	0
2021.08.09	15067.35	15157.75	15016.10	15134.45	65069	0	0
2021.08.10	15131.70	15169.60	15009.10	15058.75	64874	0	0
2021.08.11	15050.15	15131.50	14976.95	15021.35	74101	0	0
2021.08.12	15009.15	15101.40	14952.90	15086.65	59223	0	0
2021.08.13	15083.05	15152.65	15066.30	15133.15	52072	0	0
2021.08.16	15129.90	15149.00	14927.65	15136.65	73638	0	0
2021.08.17	15134.15	15143.15	14907.30	14975.40	93908	0	0
2021.08.18	14974.25	15044.25	14814.00	14829.75	88015	0	0
2021.08.19	14862.55	15005.30	14717.55	14952.30	123021	0	0
2021.08.20	14935.30	15106.30	14858.80	15101.55	97910	0	0
2021.08.23	15122.90	15342.70	15109.90	15328.70	66827	0	0
2021.08.24	15334.60	15390.00	15316.20	15365.00	61733	0	0
2021.08.25	15366.30	15404.80	15341.30	15372.55	63096	0	0
2021.08.26	15374.10	15374.35	15263.70	15295.35	80481	0	0
2021.08.27	15295.10	15451.60	15273.60	15430.10	64247	0	0
2021.08.30	15448.25	15626.85	15429.00	15614.15	55127	0	0
2021.08.31	15615.65	15686.90	15529.40	15611.40	79587	0	0
2021.09.01	15604.70	15708.45	15589.95	15617.95	67556	0	0
2021.09.02	15624.45	15691.70	15562.45	15609.20	68318	0	0
2021.09.03	15618.10	15687.70	15564.30	15662.30	68259	0	0
2021.09.06	15671.30	15720.20	15654.30	15711.80	23778	0	0
2021.09.07	15705.05	15713.55	15619.30	15682.55	70589	0	0
2021.09.08	15685.55	15702.80	15537.90	15624.80	85634	0	0
2021.09.09	15611.70	15688.05	15558.95	15574.55	82513	0	0
2021.09.10	15574.95	15680.20	15447.35	15464.85	72352	0	0
2021.09.13	15495.60	15578.35	15364.60	15470.95	88698	0	0
2021.09.14	15470.20	15543.95	15366.45	15412.95	79662	0	0
2021.09.15	15414.90	15534.80	15327.80	15530.70	77324	0	0
2021.09.16	15528.85	15553.10	15378.85	15515.10	76406	0	0
2021.09.17	15514.70	15549.20	15297.70	15308.45	88847	0	0
2021.09.20	15317.73	15355.33	14829.30	15014.05	133326	0	0
2021.09.21	15020.90	15183.15	14983.65	15010.15	110751	0	0
2021.09.22	15013.75	15246.50	14950.75	15188.25	101514	0	0
2021.09.23	15203.77	15366.25	15195.75	15309.75	89029	0	0
2021.09.24	15323.85	15353.60	15196.85	15337.10	88233	0	0
2021.09.27	15344.75	15419.00	15104.50	15199.25	91494	0	0
2021.09.28	15199.10	15211.60	14762.35	14789.60	123564	0	0
2021.09.29	14793.50	14944.25	14730.75	14784.00	119823	0	0
2021.09.30	14785.10	14901.60	14690.85	14697.85	117498	0	0
2021.10.01	14720.60	14835.60	14556.35	14786.60	125507	0	60
2021.10.04	14790.25	14850.75	14383.75	14507.50	137089	0	60
2021.10.05	14499.15	14769.15	14425.90	14661.65	116412	0	60
2021.10.06	14684.90	14784.90	14438.40	14776.40	134602	0	60
2021.10.07	14789.30	15015.20	14787.20	14900.95	94156	0	60
2021.10.08	14912.85	15010.10	14806.10	14823.12	105275	0	60
2021.10.11	14831.75	14911.75	14692.50	14700.00	108033	0	60
2021.10.12	14704.50	14798.25	14601.00	14617.50	113784	0	60
2021.10.13	14613.82	14810.65	14606.65	14783.15	100497	0	60
2021.10.14	14789.65	15083.85	14787.90	15074.45	73639	0	60
2021.10.15	15073.35	15158.60	15035.85	15154.35	80434	0	25
2021.10.18	15170.70	15311.00	15055.70	15305.15	84369	0	20
2021.10.19	15301.70	15440.45	15286.70	15422.50	74417	0	60
2021.10.20	15418.35	15460.65	15334.25	15371.75	77051	0	60
2021.10.21	15373.85	15497.50	15316.10	15395.10	77394	0	60
2021.10.22	15399.60	15477.20	15288.30	15336.05	88983	0	60
2021.10.25	15329.45	15559.95	15310.45	15551.45	80827	0	60
2021.10.26	15544.45	15715.55	15518.95	15548.70	89448	0	60
2021.10.27	15557.30	15729.40	15522.40	15602.70	94123	0	60
2021.10.28	15616.40	15790.10	15607.65	15679.40	91990	0	20
2021.10.29	15694.15	15876.00	15612.20	15869.95	97745	0	60
2021.11.01	15892.55	15930.05	15784.80	15903.80	85620	0	60
2021.11.02	15895.95	15995.60	15864.70	15973.95	82419	0	60
2021.11.03	15964.90	16161.05	15952.15	16142.90	79510	0	60
2021.11.04	16152.05	16390.55	16150.30	16348.05	83234	0	60
2021.11.05	16338.00	16460.60	16304.00	16355.25	96739	0	60
2021.11.08	16320.60	16404.55	16283.85	16335.25	92380	0	60
2021.11.09	16327.10	16402.45	16171.85	16211.10	97698	0	60
2021.11.10	16199.55	16252.30	15908.05	15996.15	91646	0	60
2021.11.11	16003.75	16123.40	15985.75	16046.75	75979	0	60
2021.11.12	16051.15	16221.90	16011.15	16208.40	68012	0	60
2021.11.15	16224.30	16284.05	16091.80	16199.05	68400	0	60
2021.11.16	16200.70	16329.70	16152.05	16298.80	66803	0	60
2021.11.17	16299.60	16399.60	16273.35	16323.10	66471	0	60
2021.11.18	16332.35	16506.35	16307.60	16501.60	73313	0	60
2021.11.19	16498.15	16637.00	16497.65	16597.15	86286	0	60
2021.11.22	16622.90	16780.70	16376.95	16395.35	81960	0	60
2021.11.23	16422.10	16431.05	16132.05	16306.05	104205	0	60
2021.11.24	16311.60	16379.85	16114.20	16364.85	94516	0	60
2021.11.25	16374.50	16447.35	16364.35	16416.12	28893	0	60
2021.11.26	16414.10	16416.85	16002.10	16050.70	108571	0	60
2021.11.29	16106.50	16451.10	16106.50	16425.60	110524	0	60
2021.11.30	16434.15	16469.40	16082.90	16244.15	128102	0	60
2021.12.01	16269.00	16440.10	15840.00	15877.75	116091	0	0
2021.12.02	15914.72	16076.95	15774.45	16019.45	131323	0	0
2021.12.03	16032.45	16133.20	15550.20	15698.45	124918	0	0
2021.12.06	15727.45	15908.70	15572.70	15856.45	119970	0	60
2021.12.07	15871.20	16387.35	15837.45	16380.45	93085	0	60
2021.12.08	16359.00	16446.40	16265.75	16399.00	95025	0	60
2021.12.09	16388.85	16432.35	16136.55	16168.80	86785	0	60
2021.12.10	16181.90	16354.85	16151.40	16337.35	79251	0	25
2021.12.13	16367.70	16430.20	16080.95	16114.10	87457	0	60
2021.12.14	16115.25	16148.75	15752.60	15947.00	99455	0	60
2021.12.15	15952.85	16316.50	15757.45	16300.85	98506	0	60
2021.12.16	16318.00	16473.50	15809.95	15896.10	107358	0	0
2021.12.17	15875.55	15973.05	15668.80	15842.30	121205	0	60
2021.12.20	15852.87	15862.85	15509.35	15695.35	129756	0	60
2021.12.21	15695.47	16002.55	15620.45	15993.70	100567	0	60
2021.12.22	15984.02	16197.00	15897.02	16196.00	89625	0	60
2021.12.23	16203.75	16369.30	16160.17	16315.70	64554	0	60
2021.12.27	16349.15	16595.15	16319.40	16587.05	66746	0	60
2021.12.28	16582.05	16671.15	16468.05	16529.65	79355	0	60
2021.12.29	16529.00	16578.50	16402.75	16495.75	76558	0	60
2021.12.30	16483.00	16581.45	16425.70	16440.60	68525	0	60
2021.12.31	16453.85	16477.90	16328.15	16343.40	69886	0	60
2022.01.03	16399.95	16521.45	16306.10	16504.55	79826	0	60
2022.01.04	16512.30	16574.80	16151.85	16270.30	90908	0	60
2022.01.05	16273.80	16277.10	15768.50	15770.00	103717	0	60
2022.01.06	15754.70	15905.85	15609.95	15795.95	132722	0	60
2022.01.07	15814.50	15863.25	15521.75	15585.75	113947	0	60
2022.01.10	15577.30	15681.95	15164.15	15626.90	124202	0	60
2022.01.11	15623.92	15850.70	15488.15	15835.95	116356	0	60
2022.01.12	15844.45	16022.95	15775.45	15915.75	108746	0	60
2022.01.13	15908.60	15991.60	15472.30	15504.05	107460	0	60
2022.01.14	15523.50	15629.75	15327.00	15628.50	133139	0	60
2022.01.17	15626.35	15650.45	15522.20	15571.97	58357	0	60
2022.01.18	15583.40	15616.65	15185.80	15254.80	131876	0	60
2022.01.19	15258.35	15385.10	15026.37	15051.60	136495	0	60
2022.01.20	15065.20	15353.60	14661.47	14683.45	127984	0	60
2022.01.21	14759.90	14872.15	14423.05	14439.65	155199	0	60
2022.01.24	14455.37	14591.50	13721.07	14507.37	135264	0	60
2022.01.25	14483.75	14512.35	13935.87	13944.12	121560	0	60
2022.01.26	14021.57	14652.70	13991.45	14160.60	138519	0	60
2022.01.27	14243.85	14422.45	13859.22	14106.60	139614	0	60
2022.01.28	14161.97	14453.30	13843.70	14438.55	123638	0	60
2022.01.31	14425.05	14926.80	14366.05	14873.80	112277	0	60
2022.02.01	14878.85	15147.90	14741.85	15112.40	83871	0	60
2022.02.02	15131.30	15273.80	14838.60	14857.05	73853	0	60
2022.02.03	14869.25	14882.50	14472.05	14798.55	86487	0	60
2022.02.04	14769.30	14835.30	14371.85	14657.10	112092	0	60
2022.02.07	14661.20	14818.70	14525.30	14613.70	128736	0	60
2022.02.08	14608.30	14787.95	14481.05	14755.05	114860	0	60
2022.02.09	14765.40	15080.30	14756.90	15063.90	93240	0	60
2022.02.10	15064.60	15068.50	14633.35	14695.35	80481	0	60
2022.02.11	14703.35	14777.10	14193.60	14277.10	113371	0	60
2022.02.14	14229.00	14402.95	14039.85	14261.60	94545	0	50
2022.02.15	14284.05	14624.05	14233.55	14579.30	79533	0	60
2022.02.16	14592.80	14675.05	14389.00	14587.25	74693	0	60
2022.02.17	14613.90	14625.65	14143.00	14170.25	113523	0	60
2022.02.18	14149.90	14305.95	13911.60	14006.00	128436	0	60
2022.02.21	13870.70	14162.80	13723.55	13742.45	84759	0	0
2022.02.22	13643.50	14114.35	13603.75	13953.25	159045	0	60
2022.02.23	13946.50	14074.75	13478.85	13501.10	123818	0	0
2022.02.24	13496.45	13987.35	13031.20	13928.60	168783	0	60
2022.02.25	13888.75	14201.00	13765.85	14192.50	152073	0	60
2022.02.28	13765.55	14295.50	13742.20	14223.10	149593	0	60
2022.03.01	14221.70	14331.95	13906.05	14026.30	134879	0	60
2022.03.02	14025.65	14293.50	13916.65	14178.80	119998	0	60
2022.03.03	14205.90	14394.00	13961.60	14054.60	117613	0	60
2022.03.04	14062.70	14088.95	13737.30	13807.45	113125	0	60
2022.03.07	13661.75	13881.25	13268.50	13292.25	95349	0	60
2022.03.08	13276.75	13667.75	13106.40	13197.00	97039	0	60
2022.03.09	13220.90	13824.05	13210.65	13783.50	92644	0	60
2022.03.10	13755.65	13777.40	13398.90	13577.90	86387	0	60
2022.03.11	13584.50	13861.00	13283.25	13323.00	75131	0	60
2022.03.14	13392.75	13444.70	13022.45	13077.45	80951	0	50
2022.03.15	13090.65	13492.60	12949.85	13461.10	80521	0	50
2022.03.16	13452.80	14031.75	13425.15	14011.15	82384	0	50
2022.03.17	13985.45	14137.90	13824.90	14060.40	80760	0	50
2022.03.18	14069.70	14444.35	13973.15	14436.35	75404	0	50
2022.03.21	14414.30	14471.15	14190.50	14403.60	73231	0	50
2022.03.22	14385.75	14694.95	14299.95	14662.95	84954	0	50
2022.03.23	14648.85	14687.25	14448.15	14465.65	102756	0	50
2022.03.24	14461.80	14774.55	14439.15	14768.15	103289	0	50
2022.03.25	14777.70	14843.60	14578.60	14755.95	102842	0	50
2022.03.28	14777.80	15001.75	14664.60	14986.10	109424	0	50
2022.03.29	14977.35	15273.95	14961.95	15239.05	105612	0	50
2022.03.30	15222.85	15266.70	15016.95	15117.20	104836	0	50
2022.03.31	15103.70	15186.90	14860.90	14926.55	99709	0	50
2022.04.01	14924.35	14963.30	14730.75	14841.45	102571	0	60
2022.04.04	14851.40	15179.05	14807.00	15167.55	88308	0	60
2022.04.05	15161.15	15199.75	14783.70	14856.70	91087	0	60
2022.04.06	14855.25	14856.25	14400.20	14503.60	115897	0	25
2022.04.07	14512.40	14636.10	14322.45	14533.70	117490	0	60
2022.04.08	14545.50	14644.25	14314.55	14337.45	105823	0	60
2022.04.11	14363.60	14373.35	13990.05	14007.10	116137	0	60
2022.04.12	14015.45	14286.45	13885.00	13950.25	121189	0	60
2022.04.13	13965.80	14270.00	13927.05	14221.55	108361	0	60
2022.04.14	14217.35	14300.00	13880.65	13896.80	103962	0	60
2022.04.18	13831.25	14007.40	13734.90	13973.80	94681	0	60
2022.04.19	13977.75	14246.45	13835.50	14096.05	109567	0	60
2022.04.20	14093.15	14303.55	13963.35	14073.85	117528	0	60
2022.04.21	14082.10	14288.35	13673.65	13727.85	116970	0	60
2022.04.22	13703.25	13784.75	13303.35	13331.35	129588	0	60
2022.04.25	13307.55	13556.95	13190.80	13536.30	152075	0	60
2022.04.26	13515.35	13590.50	12809.15	12819.30	126796	0	60
2022.04.27	12909.05	13260.25	12909.05	13187.05	153965	0	60
2022.04.28	13188.50	13548.10	13041.40	13321.50	131998	0	60
2022.04.29	13230.95	13440.05	12839.15	12892.55	136210	0	60
2022.05.02	12923.00	13091.30	12717.40	13063.95	145008	0	60
2022.05.03	13052.90	13190.45	12974.85	13110.25	104584	0	60
2022.05.04	13121.35	13561.40	12890.55	13494.55	105975	0	60
2022.05.05	13520.00	13552.90	12712.70	12908.60	128912	0	60
2022.05.06	12880.15	12930.55	12522.85	12668.35	147715	0	60
2022.05.09	12596.00	12641.00	12141.60	12209.30	143587	0	60
2022.05.10	12225.05	12550.35	12108.80	12331.65	144677	0	60
2022.05.11	12335.95	12558.80	11944.30	12026.80	135309	0	60
2022.05.12	11999.95	12133.80	11693.75	11893.75	153538	0	0
2022.05.13	11913.55	12434.65	11906.30	12373.40	123309	0	60
2022.05.16	12467.55	12499.65	12192.70	12234.20	131966	0	0
2022.05.17	12252.85	12579.40	12242.60	12574.60	114339	0	60
2022.05.18	12581.70	12593.20	11863.85	11894.50	114534	0	60
2022.05.19	11897.55	12075.25	11703.75	11903.90	145380	0	60
2022.05.20	11912.60	12095.40	11490.55	11835.30	126718	0	60
2022.05.23	11913.95	12075.95	11783.15	12053.40	128816	0	60
2022.05.24	11836.60	11897.60	11576.10	11802.10	127297	0	60
2022.05.25	11820.75	12034.20	11674.05	11868.95	127272	0	60
2022.05.26	11908.90	12342.05	11848.40	12258.75	115397	0	60
2022.05.27	12260.80	12718.05	12221.15	12710.35	103328	0	60
2022.05.30	12690.90	12881.10	12672.40	12808.20	54762	0	60
2022.05.31	12802.70	12826.10	12480.90	12661.25	131170	0	60
2022.06.01	12666.15	12821.50	12454.75	12615.15	106332	0	60
2022.06.02	12547.05	12897.00	12441.35	12894.25	112394	0	60
2022.06.03	12902.20	12944.95	12501.20	12557.80	107467	0	60
2022.06.06	12581.10	12811.50	12526.35	12600.05	106784	0	60
2022.06.07	12605.25	12738.70	12411.50	12682.20	107201	0	60
2022.06.08	12696.15	12781.60	12578.15	12617.15	104928	0	60
2022.06.09	12609.80	12725.55	12256.90	12292.30	109187	0	60
2022.06.10	12298.05	12338.45	11821.95	11865.95	106156	0	25
2022.06.13	11713.30	11725.55	11257.00	11339.65	130302	0	60
2022.06.14	11352.75	11509.75	11212.35	11337.25	125480	0	60
2022.06.15	11354.30	11767.10	11334.80	11608.45	122955	0	60
2022.06.16	11634.15	11745.25	11042.00	11170.00	136272	0	0
2022.06.17	11191.60	11370.30	11094.45	11279.05	133571	0	60
2022.06.20	11332.45	11413.45	11250.95	11397.45	65757	0	60
2022.06.21	11385.20	11652.45	11374.20	11564.45	99155	0	60
2022.06.22	11539.00	11720.95	11296.65	11518.95	111876	0	60
2022.06.23	11522.10	11742.60	11436.10	11665.90	122785	0	60
2022.06.24	11678.95	12117.70	11662.20	12082.70	97284	0	60
2022.06.27	12113.45	12236.00	11979.00	11992.85	101053	0	60
2022.06.28	12037.65	12149.30	11637.90	11648.90	108129	0	60
2022.06.29	11659.95	11725.45	11541.70	11672.70	110598	0	60
2022.06.30	11668.30	11674.80	11327.50	11501.70	118286	0	60
2022.07.01	11475.85	11601.60	11357.85	11589.85	121667	0	60
2022.07.04	11571.90	11590.90	11478.00	11532.15	52674	0	60
2022.07.05	11568.70	11789.45	11363.80	11787.20	118700	0	60
2022.07.06	11800.70	11948.80	11704.55	11873.95	118158	0	60
2022.07.07	11880.60	12122.95	11811.95	12112.95	88557	0	60
2022.07.08	12093.30	12186.70	11927.90	12134.75	104371	0	60
2022.07.11	12103.50	12106.40	11830.50	11884.40	100508	0	60
2022.07.12	11866.65	12000.75	11688.93	11755.83	108485	0	60
2022.07.13	11755.28	11942.73	11459.13	11708.63	113777	0	64
2022.07.14	11706.48	11810.33	11488.43	11786.43	120512	0	64
2022.07.15	11791.18	11997.33	11716.43	11990.83	104141	0	64
2022.07.18	12025.08	12160.31	11835.81	11886.66	96037	0	64
2022.07.19	11881.91	12303.96	11865.26	12294.71	93195	0	68
2022.07.20	12297.11	12493.11	12212.46	12401.96	103590	0	68
2022.07.21	12415.26	12630.76	12349.36	12538.26	111779	0	33
2022.07.22	12524.16	12671.81	12321.16	12349.16	92127	0	68
2022.07.25	12388.01	12479.26	12247.19	12312.29	98183	0	68
2022.07.26	12287.84	12314.49	12053.74	12163.09	91436	0	72
2022.07.27	12220.84	12672.04	12218.44	12563.14	93533	0	72
2022.07.28	12561.89	12929.14	12429.99	12897.14	99347	0	72
2022.07.29	12865.59	12988.34	12725.09	12953.34	95764	0	72
2022.08.01	12921.89	13089.24	12833.64	12958.64	95540	0	62
2022.08.02	12942.49	13078.97	12798.74	12899.72	105511	0	66
2022.08.03	12903.07	13291.32	12850.32	13235.07	98105	0	30
2022.08.04	13215.87	13334.87	13163.52	13307.62	94185	0	76
2022.08.05	13303.07	13363.97	13065.27	13196.77	93000	0	30
2022.08.08	13177.42	13399.12	13100.10	13174.10	114780	0	30
2022.08.09	13181.90	13212.60	12943.40	13030.00	105625	0	60
2022.08.10	13029.20	13384.00	12961.10	13363.00	103222	0	60
2022.08.11	13353.80	13554.10	13267.70	13323.20	107513	0	60
2022.08.12	13308.50	13560.60	13292.20	13557.20	95434	0	60
2022.08.15	13534.50	13685.30	13475.40	13658.70	93040	0	60
2022.08.16	13650.40	13722.30	13506.50	13636.30	98727	0	60
2022.08.17	13625.00	13647.80	13384.90	13488.40	110096	0	60
2022.08.18	13464.60	13556.20	13388.70	13516.90	103176	0	60
2022.08.19	13502.10	13511.70	13211.20	13231.50	101171	0	60
2022.08.22	13172.60	13204.40	12858.80	12915.70	105695	0	60
2022.08.23	12908.10	13000.70	12806.20	12871.40	109806	0	60
2022.08.24	12876.00	12995.90	12809.10	12940.60	103622	0	60
2022.08.25	12934.80	13147.50	12909.50	13127.70	101639	0	60
2022.08.26	13135.40	13205.40	12567.90	12570.80	110710	0	60
2022.08.29	12480.30	12598.20	12391.50	12490.90	126780	0	60
2022.08.30	12497.80	12646.30	12237.10	12350.40	121678	0	60
2022.08.31	12346.10	12500.70	12266.50	12290.70	123011	0	60
2022.09.01	12277.20	12289.90	12009.50	12282.60	132775	0	70
2022.09.02	12299.20	12454.20	12034.60	12125.30	127324	0	60
2022.09.05	12082.70	12161.40	12048.30	12132.20	73493	0	60
2022.09.06	12117.20	12238.80	11925.40	12014.20	127392	0	70
2022.09.07	12016.10	12272.30	11917.60	12262.30	111676	0	60
2022.09.08	12271.00	12376.10	12111.30	12343.00	121322	0	70
2022.09.09	12335.10	12609.10	12326.40	12586.80	96864	0	60
2022.09.12	12669.70	12770.30	12571.30	12766.70	103313	0	60
2022.09.13	12765.40	12880.05	12003.40	12047.30	113235	0	60
2022.09.14	12029.60	12170.20	11999.80	12169.90	130463	0	60
2022.09.15	12156.40	12186.20	11910.20	11935.80	105753	0	60
2022.09.16	11834.40	11876.40	11705.80	11864.40	121091	0	60
2022.09.19	11855.60	11992.30	11720.10	11980.80	112212	0	60
2022.09.20	11972.10	12019.80	11760.40	11831.30	103820	0	60
2022.09.21	11861.60	12067.80	11576.90	11605.20	115697	0	60
2022.09.22	11602.00	11725.70	11447.00	11501.40	141409	0	60
2022.09.23	11507.40	11535.70	11166.40	11329.30	129774	0	60
2022.09.26	11253.50	11476.10	11195.20	11254.90	150483	0	70
2022.09.27	11247.90	11505.00	11171.10	11285.90	135109	0	70
2022.09.28	11303.20	11547.00	11081.40	11474.10	153071	0	60
2022.09.29	11485.20	11497.90	11032.70	11170.60	144072	0	70
2022.09.30	11176.80	11297.60	10966.70	10991.60	147984	0	70
2022.10.03	10937.80	11298.70	10833.90	11248.50	139148	0	60
2022.10.04	11257.00	11611.10	11219.30	11580.20	131532	0	60
2022.10.05	11567.50	11613.40	11305.70	11605.20	117957	0	60
2022.10.06	11561.00	11667.70	11450.10	11452.90	134524	0	70
2022.10.07	11446.10	11506.10	10989.50	11044.50	128513	0	60
2022.10.10	10977.50	11078.60	10822.40	10943.60	186288	0	60
2022.10.11	10937.30	10984.20	10712.70	10820.80	224330	0	70
2022.10.12	10814.40	10920.70	10751.90	10796.90	220578	0	60
2022.10.13	10808.60	11090.50	10431.80	11016.00	208831	0	70
2022.10.14	11022.00	11200.20	10679.80	10701.00	228412	0	70
2022.10.17	10726.80	11091.70	10715.60	11090.50	198836	0	60
2022.10.18	11113.20	11378.30	11029.80	11283.90	216236	0	70
2022.10.19	11271.70	11331.90	11003.00	11103.60	211580	0	60
2022.10.20	11084.90	11281.40	10961.00	11024.70	219439	0	70
2022.10.21	11007.60	11341.00	10891.80	11330.60	209526	0	60
2022.10.24	11455.90	11485.10	11163.50	11414.90	246462	0	60
2022.10.25	11412.50	11685.70	11383.70	11540.50	203134	0	60
2022.10.26	11432.60	11656.90	11368.40	11429.00	212930	0	60
2022.10.27	11377.40	11489.80	10884.00	11049.40	218775	0	60
2022.10.28	11092.00	11578.50	11019.50	11577.10	207239	0	60
2022.10.31	11525.20	11547.00	11325.20	11423.70	177232	0	60
2022.11.01	11408.10	11578.10	11247.90	11277.50	182226	0	60
2022.11.02	11289.30	11418.20	10869.80	10912.50	184686	0	60
2022.11.03	10881.20	10957.80	10671.30	10701.40	195523	0	60
2022.11.04	10671.90	10938.40	10609.20	10840.10	208085	0	70
2022.11.07	10775.50	11001.90	10749.20	10971.90	195079	0	60
2022.11.08	10974.60	11194.00	10891.70	11061.20	183801	0	60
2022.11.09	11055.10	11124.80	10788.00	10814.30	204971	0	70
2022.11.10	10812.60	11633.80	10797.30	11628.20	197227	0	60
2022.11.11	11620.40	11841.30	11535.60	11803.30	207788	0	60
2022.11.14	11764.60	11862.90	11667.10	11726.50	179889	0	60
2022.11.15	11736.90	12083.30	11725.90	11850.80	206909	0	60
2022.11.16	11822.80	11922.90	11668.20	11734.80	201407	0	60
2022.11.17	11738.30	11787.80	11490.20	11707.30	185855	0	60
2022.11.18	11710.80	11807.10	11575.50	11678.00	176457	0	60
2022.11.21	11700.80	11707.20	11523.00	11562.90	172042	0	60
2022.11.22	11565.10	11731.60	11495.20	11711.40	157233	0	60
2022.11.23	11715.50	11868.70	11692.00	11851.50	151863	0	60
2022.11.24	11857.80	11908.90	11850.40	11892.20	65565	0	60
2022.11.25	11897.30	11899.80	11742.50	11763.20	96061	0	60
2022.11.28	11701.40	11765.30	11552.80	11605.90	167849	0	60
2022.11.29	11596.20	11681.40	11443.00	11497.90	169507	0	60
2022.11.30	11497.20	12055.40	11476.10	12044.90	181965	0	60
2022.12.01	12052.80	12116.60	11923.70	12023.80	186773	0	60
2022.12.02	12022.10	12048.70	11721.70	11963.70	171870	0	60
2022.12.05	11983.80	11993.20	11730.80	11796.40	166945	0	60
2022.12.06	11797.50	11829.00	11488.80	11554.50	179243	0	60
2022.12.07	11560.50	11581.80	11409.00	11487.40	181316	0	60
2022.12.08	11497.10	11674.90	11421.30	11628.60	168013	0	60
2022.12.09	11639.80	11725.70	11508.90	11552.70	155038	0	60
2022.12.12	11547.30	11705.90	11517.30	11687.20	135489	0	60
2022.12.13	11695.30	12203.80	11672.00	11831.10	181904	0	70
2022.12.14	11841.70	11943.50	11604.20	11767.60	172440	0	60
2022.12.15	11749.80	11774.50	11298.50	11346.60	180272	0	60
2022.12.16	11351.90	11383.40	11169.50	11210.80	183907	0	60
2022.12.19	11234.10	11304.00	11026.40	11075.30	161862	0	60
2022.12.20	11089.00	11144.10	10939.30	11083.40	194425	0	60
2022.12.21	11112.60	11287.50	11077.70	11252.00	172021	0	60
2022.12.22	11250.70	11282.90	10779.50	10945.20	168630	0	60
2022.12.23	10959.00	11049.10	10823.80	10977.30	161101	0	60
2022.12.27	11034.20	11090.50	10803.60	10824.80	149885	0	60
2022.12.28	10824.50	10904.20	10668.40	10692.90	162618	0	60
2022.12.29	10701.10	10982.80	10687.10	10942.50	145463	0	60
2022.12.30	10941.00	10966.60	10769.20	10953.80	145722	0	60
2023.01.03	11008.50	11096.90	10765.50	10859.70	196691	0	60
2023.01.04	10856.60	10982.90	10782.50	10893.60	173779	0	60
2023.01.05	10903.80	10961.90	10728.00	10759.90	172806	0	60
2023.01.06	10760.10	11087.20	10673.40	11026.40	165074	0	60
2023.01.09	11073.50	11307.10	11043.30	11103.20	162084	0	60
2023.01.10	11101.90	11211.00	11016.80	11203.50	158949	0	60
2023.01.11	11196.40	11401.10	11162.20	11395.40	145846	0	60
2023.01.12	11393.10	11502.70	11206.40	11450.90	173083	0	60
2023.01.13	11446.40	11549.70	11314.60	11535.70	158594	0	60
2023.01.16	11527.80	11568.60	11441.10	11498.90	68375	0	60
2023.01.17	11522.60	11620.40	11465.60	11556.70	148746	0	60
2023.01.18	11531.90	11690.90	11401.70	11408.00	159136	0	60
2023.01.19	11413.30	11421.50	11246.90	11328.90	160191	0	60
2023.01.20	11333.60	11623.70	11302.20	11607.50	140546	0	60
2023.01.23	11608.20	11922.30	11591.90	11874.20	141258	0	60
2023.01.24	11870.40	11947.60	11774.40	11912.40	139897	0	60
2023.01.25	11890.10	11890.80	11547.20	11803.40	159563	0	60
2023.01.26	11810.80	12055.50	11807.90	12001.60	154249	0	60
2023.01.27	11987.50	12250.60	11959.20	12165.60	146568	0	60
2023.01.30	12152.30	12195.90	11907.30	11932.10	166788	0	60
2023.01.31	11937.00	12101.90	11815.90	12061.50	163813	0	60
2023.02.01	12056.60	12471.40	12005.30	12457.90	159454	0	60
2023.02.02	12493.90	12894.30	12449.20	12628.70	190345	0	60
2023.02.03	12689.00	12831.20	12499.50	12567.50	192059	0	70
2023.02.06	12510.30	12557.50	12406.90	12459.20	171434	0	60
2023.02.07	12466.10	12774.90	12416.10	12696.50	172714	0	60
2023.02.08	12714.30	12764.90	12470.40	12512.20	168325	0	60
2023.02.09	12510.00	12682.20	12326.40	12398.30	173135	0	60
2023.02.10	12391.60	12406.80	12201.50	12295.50	177930	0	60
2023.02.13	12276.20	12524.60	12222.00	12503.90	149976	0	60
2023.02.14	12499.30	12641.60	12347.90	12579.40	175521	0	70
2023.02.15	12566.20	12710.20	12482.10	12700.70	163949	0	60
2023.02.16	12691.10	12746.40	12416.60	12430.50	165273	0	60
2023.02.17	12389.50	12410.70	12231.70	12351.30	166570	0	60
2023.02.20	12321.50	12381.10	12310.60	12331.30	61836	0	60
2023.02.21	12337.40	12343.60	12059.10	12076.70	157626	0	60
2023.02.22	12080.40	12159.70	12001.80	12071.80	166043	0	60
2023.02.23	12126.90	12227.80	12002.40	12163.40	157385	0	60
2023.02.24	12159.90	12184.90	11894.70	11976.30	161582	0	60
2023.02.27	11976.10	12163.20	11963.80	12067.30	152640	0	60
2023.02.28	12079.00	12147.40	12000.50	12020.90	153938	0	60
2023.03.01	12011.50	12116.60	11903.10	11962.90	171281	0	60
2023.03.02	11944.20	12074.80	11807.60	12038.40	178806	0	60
2023.03.03	12022.00	12305.20	11990.70	12304.60	150947	0	60
2023.03.06	12268.20	12466.90	12255.40	12305.40	156970	0	60
2023.03.07	12297.90	12362.60	12128.50	12162.40	158690	0	60
2023.03.08	12164.20	12240.20	12094.00	12222.10	173838	0	60
2023.03.09	12215.70	12338.80	11967.00	12000.80	178223	0	60
2023.03.10	11947.90	12097.20	11788.90	11846.10	201539	0	80
2023.03.13	11872.90	12087.20	11681.80	11944.00	218957	0	80
2023.03.14	11942.80	12218.40	11919.00	12194.70	186165	0	60
2023.03.15	12194.60	12273.90	11959.00	12267.40	230348	0	80
2023.03.16	12260.10	12597.20	12182.00	12574.80	213592	0	60
2023.03.17	12568.10	12672.60	12441.70	12519.10	193834	0	70
2023.03.20	12571.00	12609.20	12397.00	12570.20	212390	0	60
2023.03.21	12561.10	12763.40	12544.10	12746.10	156081	0	60
2023.03.22	12735.20	12947.80	12543.80	12570.00	155574	0	60
2023.03.23	12581.90	12896.70	12572.40	12753.20	175458	0	60
2023.03.24	12742.90	12792.50	12601.20	12792.50	184629	0	70
2023.03.27	12795.10	12849.10	12643.40	12693.00	156516	0	60
2023.03.28	12690.90	12711.40	12516.20	12625.80	141920	0	60
2023.03.29	12627.60	12868.80	12621.90	12840.20	135021	0	60
2023.03.30	12834.60	12990.10	12807.20	12970.20	139472	0	60
2023.03.31	12957.40	13188.00	12937.80	13183.90	135866	0	60
2023.04.03	13126.30	13158.70	13033.50	13141.10	146670	0	60
2023.04.04	13128.60	13225.70	13048.60	13109.00	142758	0	60
2023.04.05	13107.70	13126.40	12894.00	12960.20	141661	0	60
2023.04.06	12948.00	13078.70	12842.80	13048.90	140123	0	60
2023.04.07	13047.40	13082.15	13015.35	13076.90	18929	0	90
2023.04.10	13060.30	13089.70	12855.90	13055.40	123754	0	60
2023.04.11	13051.80	13096.50	12945.80	12968.20	136985	0	60
2023.04.12	12969.50	13130.80	12830.50	12846.20	146325	0	60
2023.04.13	12844.70	13124.60	12819.70	13084.60	140464	0	60
2023.04.14	13079.30	13152.00	12955.80	13104.60	148368	0	60
2023.04.17	13099.60	13117.20	12978.00	13087.20	143651	0	60
2023.04.18	13083.50	13197.60	13041.90	13091.80	134204	0	60
2023.04.19	13081.50	13131.80	12968.00	13072.00	131984	0	60
2023.04.20	13067.70	13105.70	12928.20	12998.80	144160	0	60
2023.04.21	12994.10	13032.20	12893.20	12989.00	136933	0	60
2023.04.24	12975.70	13047.80	12880.80	12966.00	129129	0	60
2023.04.25	12963.90	12974.20	12720.00	12831.20	143136	0	60
2023.04.26	12884.70	12929.50	12782.30	12883.70	165917	0	60
2023.04.27	12879.70	13252.60	12854.50	13198.60	135415	0	60
2023.04.28	13136.00	13258.60	13093.50	13250.30	153013	0	60
2023.05.01	13233.30	13289.30	13185.00	13214.00	120659	0	60
2023.05.02	13209.30	13259.10	13041.60	13095.70	143135	0	60
2023.05.03	13093.80	13236.50	13013.80	13014.10	144331	0	60
2023.05.04	12985.20	13100.20	12936.50	12975.00	163114	0	60
2023.05.05	12994.80	13291.80	12992.70	13243.70	133326	0	60
2023.05.08	13256.60	13304.70	13192.20	13275.00	120014	0	60
2023.05.09	13272.10	13284.10	13190.70	13202.10	114829	0	60
2023.05.10	13194.50	13385.00	13138.90	13345.50	146150	0	60
2023.05.11	13346.30	13413.40	13299.10	13392.40	143403	0	60
2023.05.12	13397.30	13433.70	13253.60	13314.10	130710	0	60
2023.05.15	13309.80	13421.00	13291.70	13406.10	123899	0	60
2023.05.16	13405.70	13499.40	13369.80	13451.90	125477	0	60
2023.05.17	13442.90	13609.50	13413.70	13584.70	125874	0	60
2023.05.18	13582.30	13858.20	13569.10	13853.90	134795	0	60
2023.05.19	13850.40	13906.70	13760.80	13787.60	149973	0	60
2023.05.22	13774.00	13892.50	13759.80	13863.20	129062	0	60
2023.05.23	13860.90	13923.50	13661.10	13682.70	142728	0	60
2023.05.24	13690.20	13769.40	13519.30	13768.90	153762	0	60
2023.05.25	13825.90	13993.55	13756.70	13948.30	170234	0	90
2023.05.26	13945.20	14328.60	13884.60	14324.80	146337	0	60
2023.05.29	14387.70	14405.40	14327.00	14367.10	53490	0	60
2023.05.30	14365.50	14529.00	14300.30	14370.20	159150	0	60
2023.05.31	14350.60	14389.50	14215.10	14249.90	161949	0	60
2023.06.01	14256.50	14496.00	14207.50	14461.90	157625	0	60
2023.06.02	14458.90	14593.90	14436.40	14551.80	142669	0	60
2023.06.05	14539.80	14663.80	14484.00	14560.00	150783	0	60
2023.06.06	14551.20	14595.80	14475.00	14565.70	145106	0	60
2023.06.07	14565.20	14647.10	14282.00	14295.70	148289	0	60
2023.06.08	14302.60	14507.40	14231.90	14503.90	153739	0	60
2023.06.09	14487.90	14670.80	14440.90	14549.00	131312	0	60
2023.06.12	14542.60	14812.40	14542.60	14808.70	114155	0	60
2023.06.13	14803.60	14952.60	14767.80	14913.50	147653	0	60
2023.06.14	14916.90	15045.50	14780.50	15043.30	151738	0	60
2023.06.15	15030.90	15250.90	14870.90	15175.20	164846	0	60
2023.06.16	15166.10	15282.70	15074.50	15113.00	152904	0	60
2023.06.19	15130.50	15136.00	15045.70	15055.10	58910	0	60
2023.06.20	15058.30	15129.40	14946.40	15064.80	140671	0	60
2023.06.21	15067.60	15088.40	14823.30	14863.20	149226	0	60
2023.06.22	14871.20	15059.70	14787.30	15056.80	149534	0	60
2023.06.23	15053.10	15059.00	14817.90	14888.70	156095	0	60
2023.06.26	14895.70	14984.60	14686.90	14705.90	158891	0	70
2023.06.27	14710.10	14970.10	14696.80	14922.40	140902	0	60
2023.06.28	14921.20	15052.90	14856.60	14989.80	150788	0	60
2023.06.29	14994.50	15034.30	14870.90	14952.50	142135	0	60
2023.06.30	14941.40	15218.00	14939.60	15155.50	134995	0	60
2023.07.03	15195.80	15235.60	15153.70	15202.40	87536	0	60
2023.07.04	15191.90	15215.10	15180.50	15189.40	32693	0	60
2023.07.05	15193.90	15279.60	15101.90	15199.60	125724	0	60
2023.07.06	15203.10	15211.80	14970.30	15073.90	142976	0	60
2023.07.07	15077.20	15212.90	15025.80	15044.20	139042	0	60
2023.07.10	15035.10	15076.50	14920.00	15053.00	148715	0	60
2023.07.11	15041.90	15136.90	14970.20	15120.70	135447	0	60
2023.07.12	15119.70	15364.50	15115.70	15317.20	135839	0	60
2023.07.13	15327.20	15603.00	15327.20	15557.60	125881	0	60
2023.07.14	15566.20	15721.60	15527.90	15557.10	138255	0	60
2023.07.17	15549.70	15747.70	15528.80	15692.90	123398	0	60
2023.07.18	15696.00	15898.30	15600.70	15819.50	129847	0	60
2023.07.19	15829.00	15932.50	15781.00	15811.60	135949	0	60
2023.07.20	15786.60	15790.00	15428.50	15477.80	155456	0	60
2023.07.21	15477.80	15600.70	15406.70	15438.00	147160	0	60
2023.07.24	15452.20	15509.80	15374.90	15457.50	139103	0	60
2023.07.25	15453.10	15624.20	15436.50	15608.10	126795	0	60
2023.07.26	15584.90	15599.00	15407.00	15517.00	152465	0	60
2023.07.27	15532.50	15795.00	15412.70	15483.60	161283	0	60
2023.07.28	15474.40	15790.10	15445.40	15736.70	170018	0	60
2023.07.31	15751.30	15811.70	15687.00	15770.80	143432	0	60
2023.08.01	15777.10	15790.70	15631.00	15711.10	132445	0	60
2023.08.02	15637.80	15692.10	15321.90	15354.40	173958	0	70
2023.08.03	15375.90	15464.80	15247.20	15351.60	179714	0	60
2023.08.04	15365.60	15527.70	15257.40	15286.20	170357	0	60
2023.08.07	15304.90	15411.60	15254.00	15410.80	151850	0	60
2023.08.08	15415.40	15415.60	15145.70	15273.10	163171	0	60
2023.08.09	15279.90	15356.10	15073.60	15124.60	150436	0	60
2023.08.10	15142.50	15366.80	15067.60	15146.50	169195	0	80
2023.08.11	15158.40	15196.50	14967.90	15037.10	161326	0	70
2023.08.14	15063.50	15211.80	14958.30	15210.00	163415	0	60
2023.08.15	15211.80	15267.40	15012.40	15047.60	162837	0	60
2023.08.16	15048.90	15099.20	14856.20	14870.00	168182	0	60
2023.08.17	14881.80	14952.70	14682.80	14683.80	168305	0	60
2023.08.18	14692.50	14746.30	14553.10	14691.10	174154	0	70
2023.08.21	14725.50	14959.70	14667.30	14916.30	158363	0	60
2023.08.22	14916.70	15065.60	14881.20	14907.10	153302	0	60
2023.08.23	14921.90	15297.20	14908.00	15282.80	150111	0	60
2023.08.24	15287.90	15367.30	14772.50	14785.10	167837	0	70
2023.08.25	14805.60	15005.40	14711.50	14930.30	165331	0	70
2023.08.28	14977.60	15088.70	14935.60	15058.00	141997	0	60
2023.08.29	15072.30	15390.90	15010.50	15385.00	138274	0	60
2023.08.30	15395.90	15484.00	15322.60	15472.40	142322	0	60
2023.08.31	15467.90	15573.90	15420.70	15506.00	128849	0	60
2023.09.01	15494.70	15627.80	15427.00	15484.10	138647	0	60
2023.09.04	15488.00	15554.40	15476.00	15499.70	53469	0	60
2023.09.05	15500.00	15559.30	15393.40	15488.70	141483	0	60
2023.09.06	15485.90	15503.80	15287.40	15363.10	138251	0	60
2023.09.07	15365.60	15371.10	15134.20	15266.70	148911	0	60
2023.09.08	15271.80	15375.90	15207.10	15304.40	141839	0	60
2023.09.11	15290.40	15483.60	15287.70	15460.20	132704	0	60
2023.09.12	15448.80	15465.70	15278.40	15300.20	130547	0	60
2023.09.13	15298.40	15415.40	15199.00	15370.30	162529	0	60
2023.09.14	15362.30	15513.80	15331.40	15487.40	148466	0	60
2023.09.15	15478.90	15519.60	15170.20	15202.70	152530	0	60
2023.09.18	15214.60	15270.70	15146.40	15236.40	135982	0	60
2023.09.19	15239.80	15253.90	15065.40	15197.20	129251	0	60
2023.09.20	15195.10	15247.70	14946.30	14955.80	142048	0	60
2023.09.21	14965.40	14968.00	14671.10	14675.60	161699	0	60
2023.09.22	14687.60	14858.80	14668.20	14707.60	160325	0	60
2023.09.25	14731.70	14789.10	14618.50	14786.90	157926	0	60
2023.09.26	14782.00	14783.20	14504.80	14561.10	163954	0	60
2023.09.27	14561.50	14663.80	14430.10	14606.50	162803	0	60
2023.09.28	14599.70	14791.10	14499.40	14726.90	179919	0	60
2023.09.29	14734.40	14905.30	14660.10	14747.60	171069	0	70
2023.10.02	14806.30	14895.70	14678.00	14849.90	177130	0	70
2023.10.03	14838.00	14874.40	14504.40	14573.40	179684	0	70
2023.10.04	14559.80	14806.20	14440.60	14752.00	194202	0	70
2023.10.05	14747.90	14809.80	14580.10	14715.70	177751	0	70
2023.10.06	14719.00	15021.60	14520.50	14994.20	171074	0	60
2023.10.09	14877.60	15072.00	14815.30	15047.30	211190	0	60
2023.10.10	15050.30	15242.10	15032.70	15139.70	220916	0	60
2023.10.11	15139.60	15278.40	15116.90	15273.10	211522	0	60
2023.10.12	15267.50	15338.00	15086.10	15193.40	208109	0	60
2023.10.13	15188.00	15239.00	14939.60	14987.00	174247	0	60
2023.10.16	15035.20	15211.90	14961.90	15173.30	152259	0	60
2023.10.17	15177.40	15188.50	14931.40	15121.50	175249	0	60
2023.10.18	15108.80	15116.10	14863.80	14946.40	193195	0	70
2023.10.19	14927.00	15027.20	14733.00	14743.50	207303	0	60
2023.10.20	14747.50	14782.50	14545.30	14555.40	196784	0	70
2023.10.23	14587.20	14751.80	14417.10	14647.40	186480	0	60
2023.10.24	14638.60	14849.60	14607.70	14732.70	193334	0	60
2023.10.25	14718.30	14723.60	14357.60	14388.60	190437	0	70
2023.10.26	14292.90	14371.50	14054.00	14124.00	216559	0	80
2023.10.27	14182.80	14324.60	14127.40	14188.10	191404	0	70
2023.10.30	14240.40	14394.30	14222.20	14322.50	170833	0	60
2023.10.31	14332.30	14421.90	14230.20	14365.80	193990	0	60
2023.11.01	14379.80	14679.40	14331.90	14673.40	176575	0	60
2023.11.02	14681.70	14933.90	14680.00	14882.80	167428	0	60
2023.11.03	14864.50	15149.90	14854.20	15108.00	154265	0	60
2023.11.06	15116.30	15180.90	15061.10	15145.60	147573	0	60
2023.11.07	15140.40	15336.20	15100.80	15300.70	150235	0	60
2023.11.08	15290.40	15343.80	15215.10	15290.70	149949	0	60
2023.11.09	15271.30	15385.90	15170.00	15188.60	156511	0	60
2023.11.10	15175.90	15542.80	15140.10	15518.60	162231	0	60
2023.11.13	15510.80	15524.80	15401.10	15490.30	147325	0	60
2023.11.14	15489.00	15850.10	15485.80	15827.00	146066	0	60
2023.11.15	15835.20	15976.00	15762.40	15772.30	167301	0	60
2023.11.16	15786.30	15842.60	15734.30	15835.80	166294	0	60
2023.11.17	15826.00	15878.90	15766.40	15813.90	155076	0	60
2023.11.20	15822.20	16059.00	15779.90	16027.50	152747	0	60
2023.11.21	16037.50	16063.80	15857.70	15912.60	151011	0	60
2023.11.22	15906.40	16123.50	15889.70	15992.90	151121	0	60
2023.11.23	15992.10	16039.70	15992.10	16013.30	49995	0	60
2023.11.24	16018.10	16022.20	15936.40	15968.30	85218	0	60
2023.11.27	15950.90	16047.30	15897.00	15961.20	132056	0	60
2023.11.28	15967.70	16032.20	15903.40	16015.30	140986	0	60
2023.11.29	16000.40	16167.20	15975.90	16007.80	153251	0	60
2023.11.30	16000.80	16062.00	15823.30	15924.50	152535	0	60
2023.12.01	15926.40	16017.60	15830.70	16000.80	141920	0	60
2023.12.04	15970.90	15973.70	15691.70	15823.00	155820	0	60
2023.12.05	15824.20	15933.00	15730.50	15872.30	157610	0	60
2023.12.06	15867.00	16010.60	15777.90	15787.70	152536	0	60
2023.12.07	15786.10	16043.50	15768.10	15993.60	158353	0	60
2023.12.08	16006.90	16102.60	15871.00	16075.00	146761	0	60
2023.12.11	16073.30	16233.40	16030.30	16228.70	147762	0	60
2023.12.12	16220.90	16375.40	16175.80	16372.70	137508	0	60
2023.12.13	16377.20	16585.40	16355.20	16545.20	138083	0	60
2023.12.14	16570.20	16662.90	16417.90	16532.30	182222	0	60
2023.12.15	16530.40	16678.60	16524.40	16602.90	167073	0	60
2023.12.18	16611.10	16765.10	16589.60	16709.80	144160	0	60
2023.12.19	16714.70	16817.60	16700.00	16810.70	145961	0	60
2023.12.20	16813.10	16862.90	16545.70	16572.40	144748	0	60
2023.12.21	16587.50	16768.10	16584.10	16752.90	159297	0	60
2023.12.22	16743.00	16844.50	16694.80	16761.70	153533	0	60
2023.12.26	16796.70	16910.10	16786.20	16883.10	96723	0	60
2023.12.27	16892.50	16931.90	16856.20	16929.20	130710	0	60
2023.12.28	16925.80	16973.70	16890.40	16898.70	121407	0	60
2023.12.29	16903.50	16943.60	16753.00	16823.20	131276	0	60
2024.01.02	16828.50	16850.90	16447.60	16554.70	158125	0	60
2024.01.03	16559.40	16560.40	16349.90	16365.60	161526	0	60
2024.01.04	16382.70	16421.60	16274.30	16291.30	153248	0	60
2024.01.05	16300.70	16419.30	16175.80	16303.50	157936	0	60
2024.01.08	16328.50	16653.90	16221.50	16632.70	162603	0	60
2024.01.09	16628.80	16714.80	16502.20	16678.80	163778	0	60
2024.01.10	16667.60	16832.00	16647.60	16803.30	157150	0	10
2024.01.11	16800.50	16901.10	16613.00	16815.90	174146	0	0
2024.01.12	16804.30	16900.20	16724.00	16813.10	186237	0	0
2024.01.15	16800.10	16880.40	16795.40	16828.10	75679	0	60
2024.01.16	16815.70	16898.70	16673.00	16835.80	194183	0	0
2024.01.17	16840.40	16846.30	16558.50	16728.60	190948	0	0
2024.01.18	16717.10	16996.60	16703.10	16986.60	191661	0	60
2024.01.19	16984.30	17339.50	16982.70	17334.90	184476	0	60
2024.01.22	17366.60	17452.80	17303.00	17333.50	184350	0	60
2024.01.23	17326.00	17431.40	17284.50	17431.40	171064	0	60
2024.01.24	17441.80	17668.00	17441.50	17498.60	171377	0	60
2024.01.25	17498.80	17632.00	17423.70	17473.90	189234	0	20
2024.01.26	17443.30	17517.70	17351.20	17388.10	179516	0	60
2024.01.29	17359.50	17604.30	17349.30	17589.80	145734	0	60
2024.01.30	17609.40	17624.40	17363.40	17365.70	162587	0	60
2024.01.31	17341.40	17378.40	17116.70	17154.60	183766	0	60
2024.02.01	17169.00	17528.40	17166.10	17528.30	181477	0	0
2024.02.02	17508.10	17682.50	17371.80	17606.90	181289	0	0
2024.02.05	17615.60	17654.00	17464.30	17606.20	173722	0	60
2024.02.06	17614.60	17679.40	17471.90	17561.70	166470	0	60
2024.02.07	17571.00	17788.30	17545.30	17762.30	160252	0	60
2024.02.08	17755.70	17814.00	17709.70	17784.60	142926	0	60
2024.02.09	17777.90	17989.20	17772.70	17954.50	139483	0	60
2024.02.12	17929.20	18041.90	17833.20	17842.40	130289	0	60
2024.02.13	17853.50	17886.70	17476.50	17626.90	173719	0	60
2024.02.14	17611.70	17813.50	17595.00	17801.10	166903	0	60
2024.02.15	17796.00	17900.90	17717.20	17887.50	158218	0	60
2024.02.16	17887.00	17961.00	17652.20	17657.80	159744	0	60
2024.02.19	17692.00	17744.90	17676.20	17737.30	74422	0	60
2024.02.20	17719.70	17720.30	17396.30	17533.20	185683	0	60
2024.02.21	17515.80	17625.50	17314.50	17616.10	176751	0	60
2024.02.22	17634.70	18035.90	17618.50	17971.00	181201	0	0
2024.02.23	17982.20	18095.20	17897.20	17919.00	160223	0	60
2024.02.26	17918.60	18013.20	17875.70	17906.90	154209	0	60
2024.02.27	17902.10	17995.60	17865.60	17976.80	152490	0	60
2024.02.28	17975.80	17975.80	17804.00	17805.80	155389	0	60
2024.02.29	17826.80	18071.10	17789.70	18032.70	165953	0	60
2024.03.01	18044.40	18335.00	17991.40	18280.10	159940	0	60
2024.03.04	18309.20	18340.40	18202.80	18205.30	150771	0	60
2024.03.05	18218.80	18219.10	17803.50	17948.60	169962	0	60
2024.03.06	17939.40	18147.70	17912.10	18015.70	175380	0	60
2024.03.07	18010.00	18338.70	17893.60	18217.70	189994	0	60
2024.03.08	18242.80	18417.20	17994.80	18039.40	195551	0	70
2024.03.11	17983.30	18036.50	17875.50	17977.30	183892	0	60
2024.03.12	17996.70	18227.80	17913.10	18212.50	163676	0	60
2024.03.13	18203.30	18245.60	18026.30	18091.30	159767	0	60
2024.03.14	18089.20	18173.00	17909.90	18018.40	167410	0	70
2024.03.15	18003.60	18073.70	17760.90	17816.90	166695	0	60
2024.03.18	17829.40	18126.60	17817.80	17984.10	165034	0	60
2024.03.19	17967.90	18044.50	17809.20	18032.80	176511	0	60
2024.03.20	18024.70	18296.60	17978.70	18290.80	147841	0	60
2024.03.21	18284.90	18467.30	18284.50	18335.50	161323	0	60
2024.03.22	18344.20	18389.50	18257.20	18326.60	164827	0	60
2024.03.25	18337.40	18364.50	18179.40	18289.60	145807	0	60
2024.03.26	18307.80	18387.10	18211.10	18247.10	146996	0	60
2024.03.27	18247.20	18353.40	18156.40	18288.80	142212	0	60
2024.03.28	18272.00	18313.10	18221.60	18237.20	152641	0	60
2024.04.01	18340.40	18392.10	18202.00	18286.10	135523	0	60
2024.04.02	18278.00	18303.60	17997.00	18137.40	164213	0	60
2024.04.03	18128.10	18245.70	18026.40	18184.10	161154	0	60
2024.04.04	18172.80	18367.30	17862.80	17886.00	154673	0	60
2024.04.05	17911.30	18210.00	17863.50	18105.60	188079	0	60
2024.04.08	18131.40	18183.00	18041.60	18115.60	166168	0	60
2024.04.09	18124.50	18212.20	17970.80	18187.90	162158	0	60
2024.04.10	18184.80	18273.15	17862.05	17996.15	172791	0	70
2024.04.11	17985.55	18341.35	17915.65	18308.55	184169	0	70
2024.04.12	18303.55	18329.85	17949.55	18008.75	181913	0	70
2024.04.15	18016.45	18176.75	17675.55	17685.75	202762	0	70
2024.04.16	17711.65	17821.65	17627.75	17724.85	209362	0	80
2024.04.17	17748.75	17805.85	17457.45	17502.35	198421	0	80
2024.04.18	17520.55	17616.75	17355.25	17366.15	186340	0	70
2024.04.19	17390.55	17403.25	16969.65	17030.85	244926	0	90
2024.04.22	17085.15	17305.65	17006.05	17193.85	187550	0	70
2024.04.23	17220.75	17516.85	17146.05	17515.25	181627	0	70
2024.04.24	17539.75	17656.45	17344.55	17369.55	183057	0	70
2024.04.25	17328.15	17697.65	17177.75	17695.95	197215	0	80
2024.04.26	17652.35	17771.85	17542.15	17710.15	182756	0	70
2024.04.29	17728.85	17821.15	17665.95	17788.35	172226	0	70
2024.04.30	17786.05	17796.85	17356.25	17396.85	160874	0	70
2024.05.01	17378.45	17673.05	17282.15	17354.35	174513	0	70
2024.05.02	17384.95	17648.05	17283.95	17641.45	184942	0	70
2024.05.03	17628.15	17936.55	17613.65	17908.75	158296	0	70
2024.05.06	17935.65	18093.95	17875.65	18080.15	135151	0	70
2024.05.07	18072.75	18157.85	18045.25	18095.65	141679	0	70
2024.05.08	18085.15	18137.85	17967.65	18053.05	139787	0	70
2024.05.09	18055.85	18141.85	18005.65	18131.05	142307	0	70
2024.05.10	18124.15	18251.25	18092.25	18146.15	136830	0	70
2024.05.13	18147.95	18239.15	18135.55	18188.85	129037	0	70
2024.05.14	18189.15	18336.65	18073.65	18313.55	147108	0	70
2024.05.15	18311.55	18608.05	18296.55	18586.25	149945	0	70
2024.05.16	18590.45	18671.75	18540.65	18547.75	161530	0	70
2024.05.17	18555.75	18595.25	18457.25	18542.55	148425	0	70
2024.05.20	18559.55	18706.65	18548.85	18656.65	129688	0	70
2024.05.21	18664.95	18722.05	18592.25	18719.25	124943	0	70
2024.05.22	18715.65	18806.45	18602.65	18729.25	140074	0	70
2024.05.23	18781.35	18948.55	18551.75	18611.65	165123	0	70
2024.05.24	18622.15	18854.95	18613.25	18799.45	148961	0	70
2024.05.27	18808.65	18886.45	18763.25	18880.65	57912	0	70
2024.05.28	18862.25	18910.25	18751.55	18878.85	156878	0	70
2024.05.29	18872.65	18881.95	18684.15	18686.65	169639	0	70
2024.05.30	18690.15	18725.35	18484.25	18521.65	168310	0	70
2024.05.31	18512.95	18608.65	18187.25	18522.15	187125	0	70
2024.06.03	18500.35	18703.95	18387.55	18612.65	181246	0	70
2024.06.04	18607.05	18700.95	18463.75	18657.05	178489	0	70
2024.06.05	18655.15	19043.25	18646.05	19038.05	156577	0	70
2024.06.06	19035.45	19075.65	18971.35	19020.95	158519	0	70
2024.06.07	19021.25	19116.05	18901.75	18987.95	164649	0	70
2024.06.10	19003.55	19093.05	18937.85	19063.75	165706	0	70
2024.06.11	19065.25	19223.05	18961.35	19206.45	166594	0	70
2024.06.12	19205.45	19578.29	19203.05	19573.79	112929	0	83
2024.06.13	19561.85	19658.99	19473.09	19567.99	96362	0	83
2024.06.14	19566.05	19677.79	19477.69	19667.39	104451	0	83
2024.06.17	19661.85	19980.65	19623.65	19887.05	98392	0	70
2024.06.18	19910.75	19982.35	19842.05	19915.85	100750	0	70
2024.06.19	19922.25	19965.35	19921.05	19944.55	37550	0	70
2024.06.20	19952.85	20086.35	19681.65	19769.85	105878	0	70
2024.06.21	19776.05	19817.15	19647.25	19736.45	103184	0	70
2024.06.24	19734.35	19757.75	19459.15	19482.75	130975	0	80
2024.06.25	19497.55	19715.55	19459.75	19699.35	130465	0	70
2024.06.26	19716.35	19805.25	19637.95	19681.45	137703	0	70
2024.06.27	19692.05	19854.95	19615.75	19807.15	159572	0	70
2024.06.28	19809.55	20026.05	19660.95	19726.15	169372	0	70
2024.07.01	19722.15	19829.85	19569.65	19799.95	183835	0	70
2024.07.02	19810.45	20015.55	19670.25	19991.75	176620	0	30
2024.07.03	19990.15	20199.85	19965.65	20184.45	117692	0	0
2024.07.04	20164.75	20180.35	20142.45	20143.55	50643	0	70
2024.07.05	20147.65	20405.25	20140.85	20366.05	156715	0	70
2024.07.08	20372.55	20459.55	20347.75	20450.75	150024	0	30
2024.07.09	20453.95	20545.95	20390.35	20460.25	153396	0	70
2024.07.10	20460.75	20688.85	20460.25	20662.85	138583	0	70
2024.07.11	20673.65	20758.75	20164.25	20223.15	164823	0	80
2024.07.12	20233.85	20530.65	20128.85	20330.15	178582	0	70
2024.07.15	20329.65	20591.45	20300.15	20414.75	171316	0	70
2024.07.16	20431.45	20481.15	20262.85	20394.15	173409	0	70
2024.07.17	20389.95	20392.15	19770.95	19817.45	209089	0	80
2024.07.18	19865.15	19970.45	19570.05	19759.45	220328	0	90
2024.07.19	19776.75	19795.65	19475.55	19522.95	212682	0	90
2024.07.22	19581.55	19861.95	19541.45	19786.95	217385	0	80
2024.07.23	19807.85	19911.15	19691.95	19786.95	193721	0	70
2024.07.24	19663.45	19673.35	19005.85	19106.05	207883	0	80
2024.07.25	19108.55	19228.75	18724.05	18820.85	267538	0	90
2024.07.26	18867.05	19148.15	18838.95	19027.45	226063	0	90
2024.07.29	19052.35	19228.45	18966.85	19061.45	216873	0	80
2024.07.30	19082.05	19170.55	18585.95	18745.15	210772	0	80
2024.07.31	18813.95	19501.45	18804.55	19434.05	245488	0	80
2024.08.01	19486.05	19575.25	18720.25	18795.25	262113	0	90
2024.08.02	18830.05	18830.05	18263.05	18398.65	250582	0	90
2024.08.05	18187.85	18264.25	17237.95	17995.25	242943	0	90
2024.08.06	18087.15	18371.15	17854.05	17988.25	238845	0	90
2024.08.07	17959.25	18448.25	17773.65	17774.65	236271	0	90
2024.08.08	17764.75	18485.25	17642.85	18453.45	223218	0	90
2024.08.09	18457.45	18572.95	18283.25	18497.05	213921	0	90
2024.08.12	18545.35	18664.25	18413.35	18529.45	169057	0	80
2024.08.13	18548.35	19020.55	18531.45	18987.45	188232	0	70
2024.08.14	19018.65	19109.65	18832.65	19049.25	198038	0	70
2024.08.15	19042.85	19502.95	19000.15	19477.05	175518	0	70
2024.08.16	19480.45	19584.05	19350.35	19519.25	180525	0	70
2024.08.19	19566.05	19776.35	19435.65	19764.55	165988	0	70
2024.08.20	19777.45	19835.95	19652.15	19717.65	167089	0	70
2024.08.21	19714.25	19896.05	19685.35	19827.05	175424	0	70
2024.08.22	19832.55	19936.75	19456.35	19528.75	186114	0	70
2024.08.23	19537.35	19823.95	19514.45	19701.25	178630	0	70
2024.08.26	19728.55	19770.05	19432.25	19480.85	183969	0	70
2024.08.27	19497.35	19622.95	19370.95	19561.35	171943	0	70
2024.08.28	19572.35	19620.35	19162.55	19221.55	187789	0	80
2024.08.29	19185.45	19630.95	19078.55	19377.05	220382	0	70
2024.08.30	19380.85	19582.25	19320.65	19545.05	182839	0	70
2024.09.02	19569.45	19619.35	19460.95	19598.95	77840	0	70
2024.09.03	19631.75	19634.65	18864.45	18923.75	215241	0	70
2024.09.04	18936.05	19067.75	18776.35	18907.45	231305	0	80
2024.09.05	18929.15	19107.95	18784.95	18880.15	215922	0	80
2024.09.06	18886.65	18937.35	18325.75	18336.45	223032	0	80
2024.09.09	18397.25	18701.45	18354.15	18683.85	211267	0	70
2024.09.10	18707.75	18846.65	18551.95	18796.75	202941	0	70
2024.09.11	18806.15	19266.05	18523.45	19218.05	225071	0	80
2024.09.12	19208.15	19458.25	19161.05	19383.85	212889	0	70
2024.09.13	19397.05	19556.95	19374.75	19488.65	177912	0	70
2024.09.16	19499.45	19525.75	19285.65	19409.15	172746	0	70
2024.09.17	19417.65	19604.35	19330.25	19442.35	190810	0	70
2024.09.18	19437.55	19654.55	19317.85	19396.35	174586	0	70
2024.09.19	19416.85	19955.25	19400.25	19818.45	223182	0	70
2024.09.20	19825.55	19847.45	19624.35	19779.55	181870	0	70
2024.09.23	19772.45	19926.65	19718.45	19833.85	175597	0	70
2024.09.24	19838.15	19992.45	19733.05	19961.75	178624	0	70
2024.09.25	19957.05	20048.95	19841.15	20018.55	168873	0	70
2024.09.26	20013.65	20313.95	19963.55	20115.95	184147	0	70
2024.09.27	20126.95	20174.95	19954.15	19982.35	198090	0	70
2024.09.30	19964.85	20070.95	19845.25	20033.15	197184	0	70
2024.10.01	20026.25	20118.05	19611.05	19750.65	200080	0	70
2024.10.02	19726.95	19884.05	19629.15	19860.55	191820	0	70
2024.10.03	19854.95	19910.85	19647.35	19770.05	207529	0	50
2024.10.04	19755.45	20069.35	19745.35	20000.05	206937	0	70
2024.10.07	20041.55	20066.65	19756.75	19834.25	208833	0	70
2024.10.08	19826.95	20135.05	19714.35	20095.25	209286	0	70
2024.10.09	20091.85	20289.35	20003.85	20243.55	188003	0	70
2024.10.10	20245.25	20320.15	20110.35	20251.15	178587	0	70
2024.10.11	20244.35	20315.55	20135.55	20236.45	155895	0	70
2024.10.14	20239.65	20500.45	20204.95	20452.25	148814	0	70
2024.10.15	20464.25	20482.65	20078.85	20158.65	179399	0	70
2024.10.16	20143.25	20221.45	20032.25	20158.75	169436	0	70
2024.10.17	20157.35	20418.45	20104.95	20211.65	190574	0	70
2024.10.18	20209.25	20366.45	20155.05	20322.15	159244	0	70
2024.10.21	20339.15	20391.95	20180.75	20384.55	166431	0	70
2024.10.22	20372.15	20444.45	20201.35	20369.95	182772	0	70
2024.10.23	20347.85	20385.95	19928.05	20131.85	169741	0	70
2024.10.24	20140.95	20277.15	20112.85	20231.45	175802	0	90
2024.10.25	20234.05	20565.25	20217.05	20333.55	167216	0	90
2024.10.28	20447.45	20535.15	20344.95	20370.95	188688	0	90
2024.10.29	20371.35	20617.55	20293.05	20561.25	184684	0	90
2024.10.30	20586.45	20649.15	20336.75	20383.05	193213	0	90
2024.10.31	20316.75	20327.85	19876.75	19918.15	213345	0	0
2024.11.01	19949.35	20165.65	19890.75	20041.45	205606	0	90
2024.11.04	19979.75	20128.45	19894.85	19990.55	197407	0	0
2024.11.05	20004.55	20268.35	19925.35	20240.55	182067	0	0
2024.11.06	20236.86	20811.56	20209.56	20799.86	235076	0	109
2024.11.07	20795.45	21137.15	20744.76	21105.46	195595	0	90
2024.11.08	21094.15	21154.15	21003.85	21118.46	172498	0	90
2024.11.11	21161.25	21231.35	20990.15	21109.86	162779	0	90
2024.11.12	21097.85	21144.25	20947.75	21078.96	191886	0	80
2024.11.13	21053.25	21161.55	20953.55	21058.04	192201	0	80
2024.11.14	21043.15	21083.75	20844.04	20871.04	197819	0	80
2024.11.15	20855.75	20859.15	20308.45	20402.44	208436	0	80
2024.11.18	20426.15	20627.25	20384.25	20537.14	190849	0	80
2024.11.19	20529.95	20699.95	20289.75	20672.44	213997	0	80
2024.11.20	20676.65	20784.15	20419.40	20667.79	144873	0	120
2024.11.21	20640.05	20816.35	20430.35	20711.44	241379	0	80
2024.11.22	20699.35	20799.35	20612.15	20796.54	220989	0	80
2024.11.25	20862.85	21002.15	20703.15	20823.34	173466	0	80
2024.11.26	20850.35	20950.65	20680.25	20927.24	207895	0	80
2024.11.27	20909.95	20943.05	20609.05	20739.44	177915	0	80
2024.11.28	20765.35	20843.45	20754.05	20821.35	61098	0	80
2024.11.29	20811.25	20955.15	20744.65	20926.65	130988	0	80
2024.12.02	20929.25	21200.05	20880.85	21154.74	170981	0	80
2024.12.03	21149.85	21273.54	21079.35	21272.44	152899	0	80
2024.12.04	21259.25	21497.65	21253.95	21460.44	155232	0	80
2024.12.05	21459.15	21518.05	21388.04	21406.14	144800	0	80
2024.12.06	21396.15	21625.55	21374.75	21589.74	151160	0	80
2024.12.09	21597.35	21663.25	21395.25	21433.94	162014	0	80
2024.12.10	21434.35	21567.55	21314.45	21395.84	151307	0	80
2024.12.11	21392.65	21782.95	21368.25	21719.94	149724	0	80
2024.12.12	21725.45	21739.25	21574.64	21612.84	152407	0	80
2024.12.13	21699.05	21884.95	21644.35	21736.84	169002	0	80
2024.12.16	21747.95	22131.95	21742.75	22090.64	170124	0	80
2024.12.17	22088.35	22106.15	21928.05	21980.74	189827	0	80
2024.12.18	21998.75	22072.95	20996.94	21144.14	185564	0	80
2024.12.19	21202.05	21403.15	21052.64	21124.64	253223	0	80
2024.12.20	21116.65	21529.95	20722.05	21253.44	263426	0	100
2024.12.23	21380.05	21505.15	21204.95	21466.24	223885	0	80
2024.12.24	21486.55	21794.15	21448.05	21791.85	115833	0	80
2024.12.26	21801.05	21860.05	21620.65	21743.34	166551	0	80
2024.12.27	21755.55	21771.65	21272.55	21486.74	185905	0	80
2024.12.30	21515.15	21515.15	21030.95	21171.74	205366	0	80
2024.12.31	21157.25	21303.25	20961.45	21014.74	190763	0	100
2025.01.02	21100.15	21273.95	20773.25	20974.14	240677	0	120
2025.01.03	20960.85	21359.25	20936.85	21286.54	186495	0	80
2025.01.06	21333.25	21703.45	21284.85	21589.84	207195	0	80
2025.01.07	21602.75	21616.45	21094.05	21194.74	213898	0	80
2025.01.08	21181.25	21262.95	20981.95	21147.14	228158	0	100
2025.01.09	21145.55	21166.45	21036.95	21121.35	89576	0	150
2025.01.10	21110.95	21199.25	20706.15	20828.04	225690	0	110
2025.01.13	20806.55	20868.45	20527.65	20817.04	231728	0	90
2025.01.14	20857.55	20979.15	20611.75	20810.94	226627	0	80
2025.01.15	20796.05	21288.55	20747.15	21213.04	177153	0	80
2025.01.16	21228.75	21403.45	21012.34	21047.64	219815	0	80
2025.01.17	21066.75	21529.45	21051.65	21431.74	192566	0	80
2025.01.20	21433.25	21624.00	21374.15	21533.50	127982	0	90
2025.01.21	21545.35	21632.04	21229.40	21623.74	204308	0	80
2025.01.22	21624.65	21944.85	21621.95	21822.04	174484	0	80
2025.01.23	21827.55	21903.84	21709.65	21870.54	175785	0	80
2025.01.24	21855.75	21941.45	21707.75	21763.94	184972	0	80
2025.01.27	21546.05	21574.45	20630.95	21166.14	309859	0	120
2025.01.28	21188.45	21496.95	21031.95	21436.64	228069	0	80
2025.01.29	21417.75	21570.95	21245.25	21464.04	207272	0	80
2025.01.30	21431.25	21626.75	21298.75	21496.74	211989	0	80
2025.01.31	21594.25	21846.55	21418.24	21449.34	206687	0	80
2025.02.03	20895.85	21463.54	20864.25	21461.44	273368	0	80
2025.02.04	21462.45	21584.85	21133.45	21491.74	212357	0	80
2025.02.05	21473.95	21687.44	21323.25	21648.14	208686	0	90
2025.02.06	21649.45	21777.85	21602.25	21732.74	188937	0	90
2025.02.07	21726.15	21869.55	21459.15	21487.44	197360	0	90
2025.02.10	21430.95	21796.15	21418.95	21738.64	168722	0	90
2025.02.11	21715.25	21776.45	21575.05	21698.04	175249	0	90
2025.02.12	21712.55	21763.84	21418.75	21763.44	185924	0	90
2025.02.13	21764.45	22033.75	21663.55	22000.34	198611	0	90
2025.02.14	21983.25	22135.25	21955.65	22117.64	169878	0	90
2025.02.17	22131.95	22199.65	22110.95	22149.95	76147	0	90
2025.02.18	22142.95	22237.35	22023.25	22138.14	166968	0	90
2025.02.19	22167.45	22223.05	22041.25	22147.14	169538	0	90
2025.02.20	22153.15	22156.95	21873.45	22059.04	179534	0	90
2025.02.21	22081.15	22175.85	21594.15	21602.24	189144	0	100
2025.02.24	21649.85	21746.65	21341.54	21356.24	220231	0	90
2025.02.25	21372.15	21387.85	20927.65	21127.34	245672	0	100
2025.02.26	21172.85	21347.43	21003.73	21157.74	215189	0	100
2025.02.27	21183.55	21326.93	20525.74	20589.54	250598	0	104
2025.02.28	20612.05	20891.00	20408.20	20849.10	261168	0	110
2025.03.03	20943.10	21074.60	20272.30	20479.10	266553	0	130
2025.03.04	20455.50	20688.60	20032.10	20491.00	294260	0	140
2025.03.05	20528.20	20682.40	20175.30	20560.60	274509	0	140
2025.03.06	20588.00	20606.00	19961.90	20144.40	257111	0	130
2025.03.07	20178.70	20244.90	19726.80	20168.90	257119	0	140
2025.03.10	20062.25	20118.75	19237.85	19442.39	266275	0	120
2025.03.11	19426.15	19653.85	19111.35	19372.79	286223	0	120
2025.03.12	19373.55	19754.96	19356.55	19546.29	252060	0	120
2025.03.13	19559.95	19664.55	19141.65	19266.29	266608	0	120
2025.03.14	19284.05	19715.05	19280.75	19638.69	250736	0	90
2025.03.17	19636.25	19937.75	19530.15	19809.79	237996	0	90
2025.03.18	19826.55	19838.45	19383.85	19488.49	235178	0	100
2025.03.19	19490.85	19925.15	19446.65	19733.49	209132	0	80
2025.03.20	19745.35	19888.75	19519.55	19690.59	223997	0	110
2025.03.21	19687.75	19773.19	19401.85	19761.09	229548	0	0
2025.03.24	19876.35	20207.55	19854.95	20166.79	187077	0	80
2025.03.25	20160.65	20323.29	20093.35	20315.79	171265	0	80
2025.03.26	20315.85	20337.95	19848.75	19902.49	192218	0	80
2025.03.27	19877.05	20004.75	19744.85	19819.79	236167	0	90
2025.03.28	19806.95	19819.25	19194.09	19197.69	227481	0	80
2025.03.31	19116.25	19308.25	18795.55	19239.79	280296	0	120
2025.04.01	19219.05	19465.35	19082.45	19417.39	264658	0	120
2025.04.02	19432.75	19867.09	18902.79	19034.49	255457	0	110
2025.04.03	18780.35	18999.35	18449.99	18472.89	282725	0	120
2025.04.04	18529.25	18555.05	17241.19	17351.19	328826	0	120
2025.04.07	16556.35	18216.99	16322.45	17491.99	355011	0	120
2025.04.08	17526.25	18218.05	16836.75	17090.59	305293	0	120
2025.04.09	16970.95	19234.59	16605.05	19176.49	322654	0	120
2025.04.10	19099.75	19234.89	17776.95	18327.06	328095	0	120
2025.04.11	18380.65	18735.45	17931.25	18697.46	306936	0	120
2025.04.14	18929.85	19117.65	18602.15	18772.66	281529	0	120
2025.04.15	18756.55	19006.85	18672.85	18803.36	260002	0	120
2025.04.16	18598.15	18723.85	17987.05	18259.36	279279	0	120
2025.04.17	18293.95	18528.05	18142.15	18309.76	270001	0	120
2025.04.21	18191.25	18259.35	17585.45	17803.16	213098	0	90
2025.04.22	17787.85	18400.05	17751.45	18236.56	247249	0	100
2025.04.23	18631.45	19052.75	18512.25	18741.96	273019	0	120
2025.04.24	18654.85	19291.86	18482.85	19230.36	256780	0	80
2025.04.25	19250.35	19479.76	19105.05	19443.46	254502	0	80
2025.04.28	19374.95	19519.05	19154.75	19371.46	213177	0	90
2025.04.29	19367.25	19583.35	19276.55	19477.26	233517	0	80
2025.04.30	19474.15	19774.46	19002.39	19749.46	245409	0	110
2025.05.01	19767.35	20025.45	19657.96	19698.76	230443	0	80
2025.05.02	19667.65	20176.75	19655.95	20082.76	255579	0	80
2025.05.05	20065.75	20101.15	19877.95	19942.76	219288	0	80
2025.05.06	19931.45	19948.45	19652.05	19760.46	229754	0	80
2025.05.07	19964.25	20042.95	19596.05	19878.46	256165	0	80
2025.05.08	19835.95	20248.95	19835.35	20076.06	236095	0	80
2025.05.09	20064.15	20202.95	19977.75	20053.26	225197	0	80
2025.05.12	20351.15	20912.55	20303.45	20868.86	247334	0	80
2025.05.13	20872.75	21262.55	20736.35	21177.26	215842	0	80
2025.05.14	21174.05	21340.25	21158.05	21319.76	214692	0	80
2025.05.15	21283.45	21445.95	21108.85	21320.26	214030	0	80
2025.05.16	21304.55	21432.65	21242.65	21376.46	186302	0	80
2025.05.19	21261.45	21464.75	21033.85	21434.56	228254	0	80
2025.05.20	21426.25	21484.95	21224.35	21342.36	204321	0	80
2025.05.21	21336.05	21484.35	20999.75	21075.26	225887	0	80
2025.05.22	21082.45	21265.35	20968.65	21132.26	229397	0	80
2025.05.23	21138.35	21171.05	20668.15	20885.56	233955	0	90
2025.05.26	20937.35	21250.85	20936.35	21227.35	110235	0	80
2025.05.27	21211.65	21430.05	21086.95	21415.86	188470	0	80
2025.05.28	21408.95	21508.35	21277.06	21447.06	185191	0	80
2025.05.29	21452.65	21806.05	21250.05	21334.86	258212	0	80
2025.05.30	21317.75	21389.05	21026.55	21308.26	230459	0	90
2025.06.02	21279.75	21533.36	21120.65	21514.86	220159	0	80
2025.06.03	21495.75	21718.35	21359.15	21652.26	193219	0	80
2025.06.04	21654.85	21762.85	21602.55	21717.96	188465	0	80
2025.06.05	21706.35	21889.95	21465.55	21514.76	208745	0	80
2025.06.06	21458.85	21839.05	21451.15	21773.86	205472	0	80
2025.06.09	21772.15	21858.75	21686.35	21786.96	173487	0	80
2025.06.10	21811.25	21965.75	21708.15	21923.66	199839	0	80
2025.06.11	21925.05	22067.85	21767.45	21857.66	204025	0	80
2025.06.12	21826.65	21955.15	21695.65	21892.26	204883	0	80
2025.06.13	21871.75	21874.85	21451.85	21635.66	263689	0	80
2025.06.16	21585.65	21981.85	21537.85	21933.16	195409	0	80
2025.06.17	21924.95	21926.05	21674.45	21710.36	234832	0	80
2025.06.18	21675.05	21864.85	21629.85	21732.66	198456	0	80
2025.06.19	21723.06	21727.46	21421.45	21468.25	127374	0	80
2025.06.20	21602.76	21903.25	21546.15	21654.36	212736	0	80
2025.06.23	21482.56	21875.35	21461.16	21858.66	221722	0	80
2025.06.24	21916.66	22223.95	21905.16	22190.46	194324	0	80
2025.06.25	22167.26	22326.85	22164.56	22243.96	159175	0	80
2025.06.26	22248.16	22469.95	22219.15	22449.36	156917	0	80
2025.06.27	22459.86	22602.85	22383.15	22512.76	166135	0	80
2025.06.30	22556.26	22716.05	22539.16	22657.76	163059	0	80
2025.07.01	22662.56	22700.95	22384.05	22477.76	172898	0	80
2025.07.02	22489.86	22643.25	22373.15	22641.96	165677	0	80
2025.07.03	22641.16	22900.95	22617.45	22851.95	111672	0	80
2025.07.04	22835.46	22864.36	22681.35	22707.75	94717	0	80
2025.07.07	22789.86	22821.86	22584.35	22624.36	182483	0	80
2025.07.08	22635.06	22775.35	22613.36	22705.56	162411	0	80
2025.07.09	22723.96	22916.85	22649.85	22848.46	149047	0	80
2025.07.10	22853.36	22898.25	22710.55	22828.86	144681	0	80
2025.07.11	22837.56	22865.75	22648.55	22756.56	182130	0	80
2025.07.14	22664.56	22886.75	22626.55	22852.26	155546	0	80
2025.07.15	22844.56	23045.35	22820.45	22840.16	181925	0	80
2025.07.16	22856.86	22927.85	22664.65	22891.66	174185	0	80
2025.07.17	22885.16	23106.35	22847.85	23091.66	150938	0	80
2025.07.18	23079.26	23150.95	23004.55	23051.66	138384	0	80
2025.07.21	23052.96	23264.15	23043.56	23184.26	122080	0	80
2025.07.22	23192.26	23209.85	22953.95	23040.36	152628	0	80
2025.07.23	23049.46	23263.26	22995.25	23257.96	170908	0	80
2025.07.24	23241.86	23271.55	23148.75	23244.76	151345	0	80
2025.07.25	23248.86	23330.75	23185.55	23294.96	129724	0	80
2025.07.28	23389.96	23441.35	23298.35	23365.76	137117	0	80
2025.07.29	23367.46	23513.65	23282.85	23312.16	137045	0	80
2025.07.30	23331.06	23550.06	23221.15	23533.76	158796	0	80
2025.07.31	23574.56	23708.85	23156.86	23217.66	194430	0	80
2025.08.01	23199.16	23214.56	22660.35	22753.96	251937	0	120
2025.08.04	22753.36	23233.86	22705.46	23228.86	189487	0	80
2025.08.05	23223.16	23288.15	22972.36	22988.26	183626	0	80
2025.08.06	22967.76	23332.45	22934.16	23298.96	184403	0	80
2025.08.07	23278.66	23560.65	23225.55	23401.96	204037	0	80
2025.08.08	23422.96	23660.16	23400.55	23646.06	153808	0	80
2025.08.11	23625.86	23699.85	23484.35	23523.36	156527	0	80
2025.08.12	23535.16	23845.55	23495.55	23834.16	199072	0	80
2025.08.13	23834.96	23967.65	23785.95	23827.66	173224	0	80
2025.08.14	23823.06	23908.65	23696.65	23784.46	200844	0	80
2025.08.15	23784.26	23868.65	23645.85	23702.96	194752	0	80
2025.08.18	23736.66	23793.95	23631.75	23704.76	176375	0	80
2025.08.19	23733.66	23751.56	23343.65	23390.56	204941	0	80
2025.08.20	23401.86	23404.96	22954.65	23233.86	255647	0	80
2025.08.21	23251.86	23289.85	23042.15	23146.86	248584	0	80
2025.08.22	23156.16	23577.05	23002.25	23506.36	229909	0	80
2025.08.25	23502.36	23546.95	23375.55	23430.86	181597	0	80
2025.08.26	23444.66	23542.46	23304.65	23539.86	206499	0	80
2025.08.27	23548.66	23607.26	23373.56	23462.66	168170	0	80
2025.08.28	23453.66	23740.55	23428.55	23699.86	195734	0	80
2025.08.29	23694.26	23698.96	23350.55	23405.56	209370	0	80
2025.09.01	23443.86	23504.35	23323.65	23453.95	91748	0	80
2025.09.02	23445.76	23450.86	22980.25	23325.56	237086	0	80
2025.09.03	23322.76	23481.75	23255.85	23414.96	206846	0	80
2025.09.04	23401.86	23664.06	23368.45	23643.16	181577	0	80
2025.09.05	23663.46	23863.25	23467.15	23633.76	203785	0	80
2025.09.08	23623.36	23854.15	23616.66	23757.76	162160	0	80
2025.09.09	23778.76	23881.36	23693.05	23870.86	158650	0	80
2025.09.10	23861.66	24008.65	23755.15	23826.76	158821	0	80
2025.09.11	23846.96	24017.75	23830.52	23981.96	160082	0	80
2025.09.12	23991.26	24137.95	23949.05	24091.86	144260	0	80
2025.09.15	24084.76	24295.85	24056.35	24280.16	153647	0	80
2025.09.16	24273.86	24387.55	24244.35	24287.46	149300	0	80
2025.09.17	24280.96	24302.15	23993.35	24240.56	159906	0	80
2025.09.18	24259.56	24568.25	24258.06	24471.36	181766	0	80
2025.09.19	24485.76	24642.95	24410.05	24616.46	169306	0	80
2025.09.22	24598.96	24778.95	24498.75	24747.16	162556	0	80
2025.09.23	24751.66	24783.45	24538.45	24587.46	154650	0	80
2025.09.24	24610.96	24672.15	24386.55	24509.06	157337	0	80
2025.09.25	24507.26	24552.75	24183.95	24406.86	190583	0	80
2025.09.26	24412.26	24518.86	24290.95	24503.96	203036	0	80
2025.09.29	24501.76	24746.25	24499.86	24584.96	167942	0	60
2025.09.30	24594.86	24689.15	24498.65	24618.56	183711	0	60
2025.10.01	24636.76	24814.15	24412.35	24785.46	189656	0	60
2025.10.02	24797.36	24964.25	24778.75	24889.66	163061	0	60
2025.10.03	24892.36	24985.85	24715.95	24771.96	162876	0	60
2025.10.06	24815.26	25045.45	24808.46	24969.36	176745	0	60
2025.10.07	24979.16	25067.75	24779.55	24853.56	171405	0	60
2025.10.08	24867.16	25161.96	24824.75	25151.46	160189	0	60
2025.10.09	25154.06	25193.05	24965.35	25081.86	167708	0	60
2025.10.10	25112.36	25199.75	24197.55	24233.36	207984	0	60
2025.10.13	24509.46	24781.75	24435.46	24724.66	250175	0	60
2025.10.14	24740.36	24865.45	24246.75	24565.56	288071	0	60
2025.10.15	24630.06	24939.65	24489.35	24757.96	239590	0	60
2025.10.16	24794.26	25006.15	24471.55	24613.66	247791	0	60
2025.10.17	24658.06	24884.65	24241.95	24861.46	296856	0	60
2025.10.20	24894.66	25186.95	24791.85	25153.86	198753	0	60
2025.10.21	25153.66	25202.95	25038.55	25097.06	182919	0	60
2025.10.22	25105.36	25176.05	24643.85	24884.26	218801	0	60
2025.10.23	24865.86	25137.56	24782.15	25118.96	212862	0	60
2025.10.24	25135.56	25419.45	25133.95	25361.86	165972	0	60
2025.10.27	25590.66	25861.76	25553.56	25861.46	160114	0	60
2025.10.28	25846.16	26086.35	25799.35	26023.36	163175	0	60
2025.10.29	26037.06	26233.96	25908.25	26105.76	190655	0	60
2025.10.30	26033.26	26258.55	25714.16	25985.36	282660	0	60
2025.10.31	26019.16	26135.95	25753.15	25845.06	229085	0	60
2025.11.03	25912.66	26130.75	25882.55	25973.76	210974	0	60
2025.11.04	25965.06	25967.06	25393.06	25433.16	266134	0	60
2025.11.05	25410.56	25750.75	25155.85	25605.26	275303	0	60
2025.11.06	25592.66	25697.95	25078.35	25189.06	263783	0	100
2025.11.07	25175.76	25242.65	24599.75	25111.66	291609	0	100
2025.11.10	25231.86	25655.95	25162.85	25628.76	266013	0	60
2025.11.11	25607.66	25667.15	25377.55	25558.46	273785	0	60
2025.11.12	25558.66	25725.45	25385.05	25535.46	265297	0	60
2025.11.13	25435.96	25620.45	24902.45	24998.46	326997	0	100
2025.11.14	25033.86	25198.55	24530.45	25048.96	370686	0	100
2025.11.17	24942.96	25273.75	24646.25	24807.36	338848	0	100
2025.11.18	24851.96	24872.75	24295.15	24452.16	399978	0	100
2025.11.19	24502.96	24903.75	24362.95	24878.96	379743	0	100
2025.11.20	24935.26	25223.15	23997.36	24013.26	374559	0	100
2025.11.21	23999.96	24521.55	23829.05	24261.26	420464	0	100
2025.11.24	24416.16	24919.85	24292.35	24893.06	325333	0	60
2025.11.25	24897.46	25067.05	24532.05	24996.36	320169	0	60
2025.11.26	25013.66	25312.15	24995.36	25246.66	260110	0	60
2025.11.27	25260.56	25276.95	25223.95	25239.05	94211	0	60
2025.11.28	25252.86	25443.35	25244.06	25424.15	76231	0	60
2025.12.01	25423.06	25472.96	25143.05	25350.16	311441	0	60
2025.12.02	25360.86	25619.95	25274.75	25542.16	263077	0	60
2025.12.03	25567.86	25638.85	25372.55	25590.26	225276	0	60
2025.12.04	25603.76	25686.55	25444.45	25581.76	235337	0	60
2025.12.05	25599.16	25825.95	25538.25	25697.86	239208	0	60
2025.12.08	25701.86	25823.45	25529.05	25664.96	242618	0	60
2025.12.09	25683.66	25700.65	25526.45	25646.16	235039	0	120
2025.12.10	25651.36	25835.95	25498.15	25763.96	262172	0	120
2025.12.11	25733.86	25807.36	25356.15	25804.66	307866	0	120
2025.12.12	25686.96	25691.16	25101.55	25192.56	296584	0	120
2025.12.15	25165.26	25393.95	25020.75	25076.06	294686	0	120
2025.12.16	25099.76	25176.95	24809.25	25080.76	366004	0	120
2025.12.17	25068.56	25257.25	24652.55	24727.76	331487	0	120
2025.12.18	24747.16	25176.65	24668.25	24966.86	334154	0	120
2025.12.19	24998.86	25362.25	24968.26	25352.86	282026	0	120
2025.12.22	25416.56	25557.15	25393.05	25458.76	193177	0	120
2025.12.23	25472.76	25588.86	25374.95	25576.76	177876	0	120
2025.12.24	25577.16	25665.25	25551.35	25637.95	94593	0	120
2025.12.26	25660.86	25713.20	25613.10	25635.26	138456	0	120
2025.12.29	25655.86	25678.85	25435.10	25529.56	210459	0	120
2025.12.30	25517.26	25580.90	25456.60	25473.06	174746	0	120
2025.12.31	25471.06	25505.75	25223.16	25227.86	180718	0	130
2026.01.02	25252.26	25593.50	25074.80	25202.86	254028	0	120
2026.01.05	25259.36	25525.20	25224.26	25394.76	261878	0	120
2026.01.06	25407.66	25651.20	25344.75	25642.86	223790	0	120
2026.01.07	25651.06	25815.10	25542.75	25652.06	215773	0	120
2026.01.08	25659.36	25668.66	25392.30	25552.06	265388	0	120
2026.01.09	25538.16	25811.60	25442.20	25755.06	246271	0	120
2026.01.12	25721.06	25851.13	25464.15	25777.36	230521	0	145
2026.01.13	25754.46	25878.95	25639.63	25736.85	229860	0	145
2026.01.14	25744.06	25762.28	25262.43	25457.36	267163	0	145
2026.01.15	25447.46	25791.43	25401.85	25542.85	267300	0	145
2026.01.16	25555.96	25734.03	25435.63	25530.15	215789	0	145
2026.01.19	25274.86	25313.25	25080.93	25243.63	234954	0	145
2026.01.20	25235.96	25284.65	24942.55	24990.96	394161	0	145
2026.01.21	25019.26	25507.03	24881.25	25362.96	365687	0	145
2026.01.22	25416.06	25597.35	25341.05	25498.96	312365	0	145
2026.01.23	25451.66	25710.13	25405.15	25556.75	297769	0	145
2026.01.26	25328.76	25800.43	25324.16	25732.45	314974	0	145
2026.01.27	25713.56	25986.56	25711.96	25981.86	232747	0	145
2026.01.28	26009.16	26219.45	25867.76	26138.16	298672	0	120
2026.01.29	26141.86	26153.05	25409.23	25856.66	392989	0	145
2026.01.30	25830.06	25896.56	25451.13	25517.96	454558	0	145
2026.02.02	25383.46	25833.53	25070.05	25768.16	431478	0	124
2026.02.03	25789.06	25915.25	25111.18	25296.26	382957	0	145
2026.02.04	25296.16	25408.95	24678.63	25031.36	404207	0	124
2026.02.05	25004.66	25068.45	24332.86	24334.86	469452	0	124
2026.02.06	24351.26	25129.48	24143.85	25006.26	423953	0	124
2026.02.09	25155.46	25339.83	24870.53	25276.06	372260	0	145
2026.02.10	25305.96	25359.63	25111.48	25157.96	345887	0	145
2026.02.11	25187.66	25380.53	24973.73	25205.26	327461	0	145
2026.02.12	25198.66	25338.25	24641.63	24749.26	349175	0	145
2026.02.13	24735.36	24921.03	24504.73	24709.86	438781	0	145
2026.02.16	24707.06	24852.75	24601.13	24676.93	189079	0	145
2026.02.17	24680.06	24820.58	24380.83	24700.96	377107	0	145
2026.02.18	24688.36	25061.63	24635.96	24874.06	313140	0	145
2026.02.19	24903.86	24985.95	24682.63	24768.36	347424	0	145
2026.02.20	24776.56	25078.03	24619.53	25014.05	348599	0	145
2026.02.23	24993.66	24998.46	24610.43	24725.55	356550	0	145
2026.02.24	24728.16	25022.53	24642.73	24966.56	328469	0	145
2026.02.25	24946.16	25442.46	24942.46	25401.26	290155	0	145
2026.02.26	25333.16	25365.85	24815.73	24996.56	334576	0	145
2026.02.27	24933.76	25056.65	24740.83	24906.76	378621	0	145
2026.03.02	24707.56	25060.53	24438.25	24957.26	439652	0	145
2026.03.03	24957.16	24961.26	24314.73	24677.56	512689	0	145
2026.03.04	24651.66	25180.93	24463.75	25104.36	496392	0	145
2026.03.05	25116.46	25207.55	24741.03	24974.56	487001	0	145
2026.03.06	24994.36	25109.75	24575.43	24642.46	462158	0	145
2026.03.09	24245.46	25024.23	23976.55	24935.96	516959	0	145
2026.03.10	24885.16	25189.98	24805.35	24990.66	465646	0	145
2026.03.11	24971.96	25153.53	24847.93	24935.36	383628	0	145
2026.03.12	24886.76	24904.25	24494.46	24548.06	417595	0	145
2026.03.13	24522.06	24786.83	24334.08	24339.76	417912	0	145
2026.03.16	24348.16	24799.23	24285.26	24640.96	405204	0	145
2026.03.17	24618.16	24882.03	24504.45	24790.75	356904	0	145
2026.03.18	24780.86	24981.75	24336.56	24392.96	334382	0	145
2026.03.19	24379.76	24499.55	24103.23	24399.06	440578	0	145
2026.03.20	24400.36	24442.45	23759.83	23993.86	399458	0	145
2026.03.23	23759.06	24550.55	23561.85	24201.26	515800	0	145
2026.03.24	24177.86	24334.56	23921.03	24208.16	466358	0	145
2026.03.25	24230.26	24328.95	24077.03	24151.36	395046	0	145
2026.03.26	24142.46	24212.15	23560.06	23674.96	406232	0	145
2026.03.27	23648.46	23779.75	23045.66	23075.16	403793	0	145
2026.03.30	22991.66	23390.65	22841.18	22920.75	429704	0	145
2026.03.31	22959.96	23790.28	22780.75	23729.76	465792	0	145
