<DATE>	<OPEN>	<HIGH>	<LOW>	<CLOSE>	<TICKVOL>	<VOL>	<SPREAD>
2021.01.01	13410.60	13615.05	12845.35	12883.85	1775149	0	0
2021.02.01	12842.45	13910.35	12670.10	12905.80	4782894	0	0
2021.03.01	13056.65	13329.50	12212.95	13102.90	9839244	0	0
2021.04.01	13123.90	14079.95	13113.40	13886.60	1807251	0	0
2021.05.01	13896.60	13962.10	12924.65	13659.10	2018633	0	0
2021.06.01	13687.85	14615.60	13465.95	14573.10	1609204	0	0
2021.07.01	14577.35	15148.80	14457.85	14974.15	1910559	0	0
2021.08.01	15017.20	15686.90	14717.55	15611.40	1646679	0	0
2021.09.01	15604.70	15720.20	14690.85	14697.85	1925168	0	0
2021.10.01	14720.60	15876.00	14383.75	15869.95	2045775	0	20
2021.11.01	15892.55	16780.70	15784.80	16244.15	1871281	0	60
2021.12.01	16269.00	16671.15	15509.35	16343.40	2106001	0	0
2022.01.01	16399.95	16574.80	13721.07	14873.80	2491806	0	60
2022.02.01	14878.85	15273.80	13031.20	14223.10	2215792	0	0
2022.03.01	14221.70	15273.95	12949.85	14926.55	2218838	0	50
2022.04.01	14924.35	15199.75	12809.15	12892.55	2340203	0	25
2022.05.01	12923.00	13561.40	11490.55	12661.25	2753593	0	0
2022.06.01	12666.15	12944.95	11042.00	11501.70	2443952	0	0
2022.07.01	11475.85	12988.34	11357.85	12953.34	2126541	0	33
2022.08.01	12921.89	13722.30	12237.10	12290.70	2422066	0	30
2022.09.01	12277.20	12880.05	10966.70	10991.60	2698332	0	60
2022.10.01	10937.80	11685.70	10431.80	11423.70	4041502	0	60
2022.11.01	11408.10	12083.30	10609.20	12044.90	3871988	0	60
2022.12.01	12052.80	12203.80	10668.40	10953.80	3524937	0	60
2023.01.01	11008.50	12250.60	10673.40	12061.50	3256036	0	60
2023.02.01	12056.60	12894.30	11894.70	12020.90	3237735	0	60
2023.03.01	12011.50	13188.00	11681.80	13183.90	4006117	0	60
2023.04.01	13126.30	13258.60	12720.00	13250.30	2703579	0	60
2023.05.01	13233.30	14529.00	12936.50	14249.90	3136401	0	60
2023.06.01	14256.50	15282.70	14207.50	15155.50	3142966	0	60
2023.07.01	15195.80	15932.50	14920.00	15770.80	2797014	0	60
2023.08.01	15777.10	15790.70	14553.10	15506.00	3635731	0	60
2023.09.01	15494.70	15627.80	14430.10	14747.60	3054352	0	60
2023.10.01	14806.30	15338.00	14054.00	14365.80	4193652	0	60
2023.11.01	14379.80	16167.20	14331.90	15924.50	3215749	0	60
2023.12.01	15926.40	16973.70	15691.70	16823.20	2913463	0	60
2024.01.01	16828.50	17668.00	16175.80	17154.60	3699324	0	0
2024.02.01	17169.00	18095.20	17166.10	18032.70	3340813	0	0
2024.03.01	18044.40	18467.30	17760.90	18237.20	3286230	0	60
2024.04.01	18340.40	18392.10	16969.65	17396.85	3977957	0	60
2024.05.01	17378.45	18948.55	17282.15	18522.15	3398203	0	70
2024.06.01	18500.35	20086.35	18387.55	19726.15	2659363	0	70
2024.07.01	19722.15	20758.75	18585.95	19434.05	4243460	0	0
2024.08.01	19486.05	19936.75	17237.95	19545.05	4399430	0	70
2024.09.01	19569.45	20313.95	18325.75	20033.15	4039129	0	70
2024.10.01	20026.25	20649.15	19611.05	19918.15	4236329	0	0
2024.11.01	19949.35	21231.35	19890.75	20926.65	3904819	0	0
2024.12.01	20929.25	22131.95	20722.05	21014.74	3709993	0	80
2025.01.01	21100.15	21944.85	20527.65	21449.34	4470985	0	80
2025.02.01	20895.85	22237.35	20408.20	20849.10	3953281	0	80
2025.03.01	20943.10	21074.60	18795.55	19239.79	5101809	0	0
2025.04.01	19219.05	19867.09	16322.45	19749.46	5777217	0	80
2025.05.01	19767.35	21806.05	19596.05	21308.26	4825102	0	80
2025.06.01	21279.75	22716.05	21120.65	22657.76	4092122	0	80
2025.07.01	22662.56	23708.85	22373.15	23217.66	3520767	0	80
2025.08.01	23199.16	23967.65	22660.35	23405.56	4168543	0	80
2025.09.01	23443.86	24783.45	22980.25	24618.56	3738755	0	60
2025.10.01	24636.76	26258.55	24197.55	25845.06	4727103	0	60
2025.11.01	25912.66	26130.75	23829.05	25424.15	5800227	0	60
2025.12.01	25423.06	25835.95	24652.55	25227.86	5397000	0	60
2026.01.01	25252.26	26219.45	24881.25	25517.96	5976637	0	120
2026.02.01	25383.46	25915.25	24143.85	24906.76	7209331	0	124
2026.03.01	24707.56	25207.55	22780.75	23729.76	9618883	0	145
